12.1459
26.7294
6.0039
68.5620
21.5809
9.6138
5.8663
4.1942
49.2415
6.2629
12.6364
18.4108
43.4897
0.8019
11.7027
10.3721
32.8024
5.4533
71.4405
40.3261
1.9992
33.3208
23.9047
48.8162
0.6605
10.4437
45.3409
18.0171
48.5975
20.5375
44.6635
58.0072
1.3344
6.4272
31.2135
1.4106
10.3595
13.5050
32.7120
2.9642
16.9947
1.8521
1.3576
3.3700
9.6617
6.2548
8.2509
1.3996
24.8013
3.3450
38.0452
12.7043
9.7259
20.7716
21.8696
11.9796
41.0790
4.0193
2.3348
6.6455
1.4174
0.6416
0.8103
85.8282
12.3696
78.6561
0.6638
21.9712
12.6756
2.6749
6.6557
14.3900
10.5093
25.4890
76.3937
4.1206
14.3277
13.3734
15.2607
6.0164
3.4505
10.7148
15.0711
7.8653
2.2308
16.9653
77.9509
15.9250
30.0932
19.7848
12.0673
28.1922
2.7523
38.0659
14.6185
13.0006
22.2718
4.2598
35.1155
45.1591
16.7631
34.8057
7.2052
25.1588
3.5813
71.7799
6.2663
39.8190
4.6875
23.4677
50.6487
31.6652
39.0434
63.4857
5.8040
3.1630
5.6996
11.7445
1.6188
2.3477
19.7708
3.4922
10.1552
23.2772
61.1284
12.9006
22.7903
4.2052
0.6659
42.4537
44.8919
7.3969
10.2961
16.8161
15.6472
52.8723
20.9763
48.1074
7.0173
6.8530
6.2052
5.5751
7.7191
11.5061
64.9950
41.7810
0.7010
4.4241
82.8027
1.3155
4.5570
51.7853
1.3220
21.6528
0.6847
10.3537
31.8561
92.7933
92.8322
5.9281
0.8847
63.5704
26.9817
10.9440
5.6221
11.4798
24.8914
15.8551
24.1614
37.0648
47.6463
34.7438
4.0883
0.6447
2.7076
31.4109
2.0613
4.2934
42.9859
15.5473
35.3653
11.8668
32.1571
10.8492
11.8472
19.4369
8.2693
22.1385
57.1142
15.4546
5.0225
38.8262
14.0215
3.8083
9.3728
1.6396
25.3651
25.3189
0.6884
5.2217
25.1271
7.0506
17.6429
93.9006
52.2351
1.3616
2.5762
53.7012
3.4789
4.1131
108.7122
7.9483
19.1544
8.0254
0.8256
41.1867
16.5370
83.4015
12.3785
20.7891
61.8749
34.5549
3.5062
39.7594
9.7559
64.0632
20.2365
11.8642
5.1259
4.7790
68.4403
14.0918
1.9518
36.4992
0.9906
23.4544
57.0471
36.3616
78.8066
0.7351
53.5548
52.1744
28.2151
40.0502
10.9649
39.2194
0.7091
2.1955
83.1212
20.2248
35.8046
23.1838
14.1448
8.7906
5.3272
0.6230
41.7333
0.6467
0.8755
19.4459
6.8323
61.7766
30.0616
23.8024
43.1234
101.1691
2.6253
3.2528
0.6701
55.2855
6.0625
18.0607
5.5441
23.4093
0.6542
82.3241
1.0502
30.4930
4.9165
5.0673
29.3759
3.3258
3.1861
21.9794
10.5627
3.1351
28.0437
14.9219
10.0812
0.7016
5.3150
8.3660
7.5763
5.6654
4.0721
7.7032
1.7654
3.2609
20.8301
0.7159
2.3006
100.3008
6.8377
8.5217
14.6510
14.3663
12.9659
13.9270
37.4935
35.7150
44.2033
3.7856
59.9816
39.8055
59.4088
4.7460
8.1268
24.8489
2.1016
30.8888
2.2927
106.0549
18.5053
3.8685
7.6941
3.9000
9.4180
29.4230
0.7745
17.5853
22.7555
56.5812
1.1900
33.5499
24.7742
3.6263
3.9891
26.5559
6.1845
11.1718
32.2454
12.4070
67.7000
1.8866
12.7459
2.4101
11.8320
86.2395
2.4071
15.7809
3.7195
3.3103
3.2785
19.9289
13.9642
9.1281
4.9385
11.6798
21.9637
9.8198
6.5267
23.4826
9.6008
61.5834
17.1088
53.1905
1.9286
15.7974
14.7704
20.5316
21.8230
29.6210
25.9180
6.5822
0.8800
37.0392
19.8187
15.6539
22.7818
2.3694
1.1613
4.3162
8.9911
4.8189
70.0785
9.0919
1.0449
17.2877
15.4345
18.7983
33.2007
17.4718
6.6333
16.0812
13.3602
30.9828
28.3584
4.5911
23.7322
14.5746
22.5218
36.8237
8.6111
9.2433
19.6021
3.1295
20.0813
7.7846
9.1786
0.6814
0.8390
19.0550
28.8235
26.8183
40.5469
6.6454
19.7718
2.1343
21.0038
40.0539
0.8515
7.5762
7.7059
9.1580
40.8183
19.1982
7.3259
38.7590
25.6985
9.6986
1.5048
28.8264
26.0249
10.3185
14.2030
8.8895
11.2537
27.9015
1.7326
21.6114
9.3359
30.5905
20.5350
4.6768
17.0831
15.6473
28.1703
33.6378
6.9625
3.0399
35.3988
9.6829
24.3864
15.9184
14.5329
18.2680
55.2585
30.3906
2.8678
20.9099
42.0715
12.7667
18.0015
3.7254
11.6834
3.1307
14.0431
9.9289
3.6209
19.7300
39.2613
104.0832
15.0763
20.3051
22.9413
9.9193
52.0301
7.0967
33.5951
6.0140
0.6642
23.2451
2.6856
14.6694
8.3098
8.4245
7.5568
16.9788
17.4968
13.9674
16.8262
15.8039
1.6717
20.4675
40.1256
41.9265
32.7778
9.2628
11.8307
11.5163
33.7612
2.1271
52.2611
20.6503
7.6899
4.2616
7.4656
4.0844
8.0694
7.6649
28.0752
3.5178
1.8065
43.8349
45.5276
7.6453
8.4796
17.6937
4.6547
6.7814
32.0909
8.5838
22.9818
8.2516
2.1571
16.2669
2.4161
30.4930
2.0612
25.1824
42.1752
3.8047
4.7855
1.7683
3.0677
5.6497
2.5311
2.4970
26.8730
3.9953
37.1194
16.8158
48.5388
14.6489
1.0101
11.7882
7.8533
23.6111
42.5340
13.5637
11.8449
0.6614
36.7126
3.1345
0.6783
11.5022
4.1774
24.3381
15.4996
33.7086
8.8134
3.9913
91.9295
7.2074
12.2806
2.7850
20.6433
4.4668
15.6166
4.4066
20.4856
1.6152
6.7983
6.2562
14.1676
0.6672
9.4480
1.4774
0.8657
9.3644
48.9684
4.5314
22.5976
42.7801
22.7341
21.9497
16.0007
2.6361
5.5805
11.9587
7.9887
3.5517
0.6832
51.3471
18.2910
2.4644
26.9902
35.7026
10.4655
2.2137
24.4408
13.1904
14.2804
7.5205
0.6857
1.6384
47.8937
6.2954
10.3005
6.9459
2.3562
53.1359
9.9069
7.8537
8.5396
54.0730
0.7097
1.7211
16.8627
1.5285
3.1349
48.6546
30.6649
3.7316
49.0167
10.4381
3.6270
2.6590
39.6886
0.7956
62.3399
33.0958
7.4939
8.0417
38.7922
9.0760
1.7493
35.3577
30.0420
16.1829
18.5463
42.3453
11.3691
11.6119
6.9791
21.3574
76.9522
0.6676
21.2518
6.4661
32.4472
11.1372
6.8404
27.0701
22.9461
2.6622
6.1027
2.4139
7.0341
7.8636
18.3920
4.7733
24.1957
58.2369
26.0326
9.0897
1.4875
7.9237
4.6013
21.2120
2.8682
5.9016
12.6555
12.6651
39.6275
1.7069
6.1388
3.4378
20.9827
5.9164
56.6197
59.1906
37.1817
37.0512
13.6511
1.5124
7.2287
3.0742
10.7397
11.8073
2.2499
14.1352
51.3769
3.5064
20.8458
12.9488
9.4926
1.6564
4.1520
4.2747
7.7265
24.6006
3.9670
6.0420
5.7831
3.3018
13.6860
0.6597
18.9129
49.9967
3.0098
1.2118
28.8416
2.0391
25.1037
8.1282
15.8797
12.8277
24.3764
10.7393
27.4947
5.9408
49.2002
11.3976
2.0778
5.8537
16.7743
12.1147
2.6702
6.8202
22.0354
29.6891
3.7769
17.7041
3.4515
3.7241
3.1917
1.4200
32.8442
12.2747
17.7364
4.9413
16.4801
12.6688
25.6846
9.0473
9.7174
15.7753
6.7839
4.3239
9.7686
11.6317
8.6164
4.8739
26.1454
2.7920
17.3324
26.7789
14.2473
0.6938
9.8525
4.2008
3.2256
12.0758
23.0154
12.0027
2.6524
26.9209
14.3131
1.5193
13.9210
3.5895
9.7663
12.6423
20.6231
22.0444
8.4511
12.7734
8.2295
13.4453
8.1635
6.6354
6.9906
4.5489
24.1853
6.8441
2.3795
1.3400
2.9964
29.2217
1.4906
4.4047
2.6875
5.7610
3.1074
7.5605
3.8145
4.0881
2.8488
2.9814
13.3283
3.1588
11.9824
11.1340
3.7552
13.1133
18.9789
4.1482
12.7294
3.7554
1.7039
29.5564
42.9951
3.5184
5.4384
7.7155
11.9513
11.1221
0.6600
8.8131
0.9386
3.5587
2.6777
2.1754
5.5509
2.0161
0.6567
16.2880
3.0451
14.4686
13.7456
19.0106
3.5594
0.8246
30.1305
7.9858
3.3651
0.6826
46.8967
8.3096
10.7061
3.8290
1.3495
9.1911
67.7171
5.3684
19.4259
28.7773
21.6651
21.2885
26.0803
23.6265
38.1891
3.7315
11.3072
7.3764
8.2930
0.6699
11.0180
19.2189
1.6873
28.8622
21.2214
0.7232
10.8168
8.6480
2.1342
5.8265
1.3319
3.0589
21.4041
1.4499
2.0042
2.1888
8.0129
1.9623
4.0422
42.2303
8.0383
17.0391
14.2440
23.4573
16.0711
6.4549
1.4371
0.7010
13.8007
0.6957
12.1705
12.3943
9.2446
2.9388
3.0752
3.3171
3.6971
6.1469
21.7651
2.1266
9.0135
10.5617
5.7883
4.8750
2.1459
3.9433
0.6653
19.8858
17.4101
1.3797
1.3636
7.0371
4.3636
20.5608
32.6391
10.0781
12.5560
0.7159
0.3211
2.6391
3.5699
1.3288
3.5493
12.1706
6.7983
22.9041
2.1300
22.8767
8.9718
2.1224
1.3666
25.1620
7.0609
9.1214
13.9543
10.5531
0.8136
1.6490
2.4524
13.1321
0.6449
5.0053
9.0880
40.8727
0.6838
0.6977
14.1427
3.3103
2.3552
3.2836
2.9772
26.2243
3.2623
7.6340
6.0791
14.9262
3.3059
1.5445
33.0857
1.3649
1.3182
6.8333
2.7765
11.1656
0.6590
36.7314
14.7925
1.3214
8.8189
4.9748
2.1458
20.5793
18.3890
21.0202
5.4655
12.6696
5.1414
6.1970
1.3076
14.0948
5.7652
4.0681
8.4887
10.9686
7.0729
10.8993
1.4724
7.7036
35.1414
6.8604
10.0709
11.6090
14.3406
3.3263
4.6463
0.6386
8.1952
6.6202
1.3161
2.9382
0.6477
14.5119
49.5466
7.7308
0.6249
11.6313
4.6499
13.4517
46.8799
3.4373
1.3036
29.7861
2.3077
13.2158
18.2322
4.8958
12.1961
2.1198
10.9823
0.8251
5.4190
1.3078
3.4434
3.5904
5.5732
0.8782
1.3119
2.1798
1.3066
2.1994
1.5156
20.5838
0.8370
5.1180
3.6120
8.1077
5.8116
9.7308
4.7732
0.8325
7.3036
16.8229
2.6008
13.9564
1.3475
0.6237
6.0919
18.0704
17.9973
21.1390
0.6547
13.1752
2.6086
19.5640
4.1179
44.9981
1.3169
2.1766
0.8142
9.8122
5.8429
17.4853
11.6759
2.0787
15.1254
26.0454
32.6442
23.2864
11.0203
2.1377
2.3230
5.9019
3.4228
2.6734
14.1983
8.3378
34.1079
9.4051
8.1055
3.4889
38.7568
25.8165
4.7426
0.6510
0.6493
1.3396
3.2001
0.6521
4.1969
5.9797
15.6690
0.6590
9.5590
4.1320
13.1481
9.2288
18.4508
0.8182
0.6537
5.7331
25.5046
8.9905
9.3922
8.4351
11.1136
17.9953
21.6961
7.5429
13.4737
8.3376
13.9566
16.1032
7.6576
8.0502
2.7010
25.4473
2.6568
10.8865
4.7037
4.1564
2.1587
12.5718
4.3140
9.4673
1.7074
11.1571
4.4333
16.9394
4.9306
18.0298
2.6355
6.2560
3.4634
3.4730
4.1898
7.7550
5.5420
37.5949
21.6367
12.4272
2.1582
10.4362
10.0568
6.9459
9.6813
29.5564
13.2000
36.4356
14.2433
4.7769
2.6799
2.0076
3.1220
11.0116
1.3203
9.4287
0.6824
8.3183
4.1962
5.8241
8.0582
3.4543
1.2844
40.4453
1.3687
16.3600
1.4808
5.5869
4.0390
1.4824
0.6347
12.2771
0.6339
2.6980
8.1734
18.2884
7.1924
4.2178
2.8461
2.7690
8.0660
0.6539
4.6094
1.9846
5.4429
3.2626
6.3921
2.8504
2.6445
0.6735
26.2759
0.6503
6.7585
14.3587
14.8284
2.0032
1.3343
11.3804
1.9586
0.8084
1.3193
2.6608
4.9871
2.0056
5.8066
3.9242
6.0831
8.5738
12.6008
7.3150
4.9268
21.2839
8.5620
0.6400
3.5637
26.8949
12.3591
4.8844
3.4201
8.0675
1.4749
8.3531
3.4623
1.5170
7.6731
0.6369
3.8895
2.0386
2.1172
0.6573
9.2385
15.3403
12.0707
5.3235
5.4317
7.7938
2.9046
3.9990
30.0051
14.7874
8.3104
1.3424
7.6960
4.6595
16.8566
2.7197
9.2413
2.0179
0.6729
3.8861
5.8435
3.2111
4.1858
11.4936
43.0854
6.1650
1.3151
52.1131
2.1788
2.6367
18.9535
2.1436
6.1463
11.3022
5.2490
9.7063
4.1268
0.6727
2.0733
5.5686
15.0492
11.0051
14.0878
10.2639
12.9976
1.2915
2.2008
2.5332
9.5461
9.0200
16.3637
7.6048
12.0828
18.0795
0.6802
20.0628
14.0325
8.4909
9.6831
0.6388
13.7079
4.1670
4.2109
3.6624
8.4634
6.7018
3.2874
2.1239
9.7896
1.2982
14.5933
10.6629
11.8864
17.3722
11.1515
5.4157
5.9627
10.2269
5.5335
1.9632
16.1987
4.3168
1.3917
17.8677
18.8918
22.5622
17.2469
4.8508
31.0159
8.1751
10.7951
18.4409
12.4675
0.6555
3.5692
4.0923
3.3055
10.3025
3.4089
18.1835
4.5829
18.6690
4.0643
5.5622
11.9141
9.4597
6.1259
12.5987
9.5724
19.1261
7.0477
17.4627
8.3344
2.8054
2.0709
7.3487
6.9244
0.6636
8.7593
1.5158
23.7361
5.3522
7.6162
4.4715
3.4721
5.6023
1.3900
4.6770
11.1454
1.9340
3.5582
5.9943
14.7307
1.5084
2.6197
4.4993
10.8227
9.4907
5.4341
4.9203
0.6685
0.6333
7.5018
1.6546
1.3637
18.6903
3.4529
6.8238
4.6700
4.0617
3.7780
18.6958
9.8133
11.0834
8.1998
3.5299
5.0788
2.7764
3.5238
16.3066
1.3148
2.0106
1.3292
5.5321
8.1190
8.8624
7.3024
2.1887
4.3190
0.7000
2.1204
14.4169
9.0744
1.6448
4.1070
12.7683
4.1406
2.5761
11.0964
6.2419
3.3788
5.3210
5.3250
13.2307
3.4470
1.3053
4.5367
8.1947
1.3372
1.3375
41.8980
19.9131
7.3688
0.6747
3.5068
7.5186
2.1179
33.0961
0.6846
3.2988
1.8970
12.6265
2.7318
6.9599
2.9953
2.7939
0.6764
13.6682
12.4148
7.9714
9.0600
8.7016
5.2694
0.6434
18.5204
7.1635
2.7588
8.6602
15.4347
6.2177
0.7892
1.2980
0.6595
9.1537
1.3506
0.6613
1.4352
4.5320
7.6735
10.9813
8.3516
18.8472
12.6410
18.2934
18.4680
0.6417
0.7167
22.1274
15.4136
2.4342
0.8663
10.2594
3.4571
3.9601
1.6747
12.8011
6.0175
2.6599
1.9604
13.9713
5.4575
6.9782
15.0677
2.0491
9.8661
1.3014
22.5600
6.8523
4.8054
4.1176
2.1476
2.0005
6.9587
0.6808
3.4634
8.6910
3.5941
1.5184
2.4694
16.8501
6.9835
2.6428
6.2139
2.6543
7.3379
2.2690
5.5618
10.2783
3.2706
1.4367
10.5861
2.6103
3.4518
6.7971
2.6793
12.7272
36.3905
4.8037
23.7551
9.7476
2.1456
4.6123
17.4782
1.6309
0.6773
2.7683
0.6985
6.1220
0.8390
6.8791
318.6622
5.2790
10.2895
23.2317
15.9580
3.7164
7.1790
4.1260
5.8695
2.1530
8.7665
1.4603
0.6620
4.0682
7.2961
10.3328
1.9995
6.5437
14.3471
13.4539
0.6574
0.7169
8.4536
1.6565
11.4103
8.4855
0.7033
12.2826
41.5833
26.7558
125.2433
40.9604
5.4853
13.1043
41.6593
2.1471
17.8559
17.5768
1.8367
7.4895
5.7771
22.5210
3.3914
8.0235
4.7038
11.2739
69.3325
16.1312
5.9768
5.1259
62.3123
11.4452
56.4126
7.2968
9.5495
51.5094
45.8035
52.5499
162.7707
6.2430
8.4566
1.7925
7.3812
19.4393
37.0276
50.6320
8.9494
69.2437
30.9125
39.1990
14.6067
21.0776
38.0495
12.2306
75.1084
12.3816
2.0905
2.3740
13.5769
14.5982
9.3255
2.6749
7.8179
2.0120
2.0309
0.6737
4.9292
15.7228
2.9683
2.6446
7.5616
15.8694
8.1589
6.2471
19.1370
0.6722
2.5770
0.6219
5.2976
8.1546
11.1356
14.5613
1.3173
10.8996
5.8252
2.1281
7.7477
15.8794
3.8771
2.1519
0.6931
10.3813
5.1976
4.1880
11.3725
15.4203
1.3391
4.3177
3.5954
4.0982
14.0753
14.8532
4.7578
8.6350
6.8000
5.1785
4.8098
0.6318
12.2010
5.2734
8.3586
3.3082
2.4028
4.7958
3.3752
28.1970
5.9398
12.7649
0.6385
3.0343
17.0182
7.0836
2.8304
1.9546
0.6585
5.4382
1.2740
3.3847
14.9313
4.2101
15.4261
3.3120
1.3454
2.6155
15.9689
3.9865
9.5328
2.9798
12.3744
1.3094
6.2046
22.0020
0.6453
6.3468
16.1481
5.2605
14.8223
9.3821
4.5875
1.2948
1.3077
19.8854
1.4435
0.6648
13.6104
3.6657
6.3020
1.9746
9.8434
2.7261
3.2230
3.5524
3.9934
2.5910
2.4925
7.8890
6.9769
1.5275
1.9623
0.6559
8.1953
5.3309
18.0320
7.1527
3.9880
3.4718
3.2409
14.6654
14.2576
26.4791
7.8786
10.8453
3.3694
3.9839
2.1120
6.4160
3.6267
4.1193
9.5177
0.6681
3.5045
3.3496
18.3330
3.6042
0.6764
0.7117
2.7405
2.3061
2.6501
2.9662
3.4636
6.1853
1.9610
0.6485
7.9665
5.5625
15.9577
4.2119
3.9412
8.0413
8.0653
6.8617
2.5882
6.1077
1.4688
6.1997
22.8403
37.6823
10.4627
25.3366
6.9446
7.8698
4.0546
1.3435
1.3738
2.4246
11.7626
4.2308
11.0944
3.3189
1.4470
3.5041
10.4981
8.6069
3.9374
10.8231
16.7626
5.3247
3.2712
1.2962
2.6932
1.5085
3.7629
6.5545
14.6129
9.7822
3.9982
0.6662
0.6330
7.9451
6.0004
3.3402
6.5857
10.9852
4.8235
3.9568
1.3190
2.6255
4.9309
0.6953
13.4214
14.0989
5.2070
1.3501
7.2032
4.1721
6.6022
0.8589
2.7603
4.1304
5.9280
9.1730
1.9433
5.3336
10.9957
6.2063
1.3455
6.5446
23.9437
2.6404
0.6392
0.7053
0.6482
3.9611
1.9639
2.1229
3.2757
8.6310
8.0828
7.7450
21.8190
0.6405
2.8141
0.8140
4.1313
0.7764
8.3557
5.3356
16.9953
0.6534
0.8724
8.2559
11.8078
3.2562
9.3089
7.5476
0.6731
0.6234
2.7640
24.8392
2.5949
14.9296
2.2354
6.4147
1.9663
4.8249
2.2104
4.0902
2.5259
2.6757
8.9419
6.4775
13.9271
1.3426
2.5975
15.3076
0.6784
1.4638
8.0813
0.6472
4.8989
11.5327
0.6851
12.3207
1.3792
2.6097
4.7050
13.0971
8.8027
16.5497
3.4552
3.9539
1.9764
4.3139
0.6658
2.0941
2.8437
6.4810
14.8545
11.4569
11.0563
3.1938
11.2974
14.0596
19.1636
0.6783
0.6609
0.6130
7.3100
4.5841
1.9800
7.3083
3.4797
6.6688
7.2761
8.1705
0.6824
3.8755
1.3245
3.9981
1.2708
20.6169
11.1557
4.4429
3.4026
3.4737
0.6801
0.6449
6.1670
3.3100
0.6600
1.2759
2.0442
2.1522
0.6537
0.6477
3.8069
3.9383
4.2697
2.6672
4.1064
2.6192
2.2262
7.9041
9.8633
3.8569
3.9666
4.5991
1.3128
1.3209
20.6511
3.4149
3.4862
5.7881
4.1567
3.4725
13.0798
4.8485
0.3349
4.1949
10.8360
3.5845
17.9792
3.2914
15.1243
13.0529
16.0052
0.6682
2.0235
3.5787
10.8072
1.4230
1.2999
2.6390
7.1238
3.3751
9.9228
1.9457
6.8885
5.2355
13.0049
6.5901
0.6608
13.2065
2.6164
3.6638
5.9957
8.5471
2.6298
1.4545
13.9233
0.6563
6.7161
0.6350
2.1232
1.3506
0.6751
1.3301
4.1031
22.2640
17.0636
2.3170
14.5189
2.2095
1.9790
2.0911
3.9656
6.5032
1.4718
1.2944
9.6795
5.4273
0.6632
0.6278
2.9178
0.6487
2.8177
13.7777
15.6875
3.5889
3.6537
4.5185
3.9346
2.0279
5.6090
1.9691
3.9847
9.4514
4.8603
1.3394
9.5495
8.1507
1.3085
1.9627
0.7820
10.2786
19.3184
3.3194
1.3457
3.3141
2.6898
1.3625
2.8236
2.1960
0.6400
3.8030
2.1936
2.0644
3.5585
14.3260
3.2404
5.3827
2.9435
2.0991
4.8042
6.8289
6.8862
9.1718
4.2132
13.6661
13.6794
2.9901
3.4836
11.6410
4.7696
3.3218
5.4376
10.3377
4.3346
16.0837
4.8696
0.6300
2.1280
12.7459
2.6553
0.6492
7.9590
2.0437
10.3127
1.9597
0.6674
6.7871
3.3431
5.9397
8.6516
7.3379
0.6865
3.9369
10.8497
3.4398
2.6669
1.2949
11.4741
1.9906
1.9924
4.8520
5.3139
4.9597
2.6718
10.6504
12.1780
0.6872
0.7789
1.3074
1.3367
2.8543
1.4933
18.2735
9.5106
3.2893
10.5574
16.9181
4.2405
1.2838
3.5653
3.3152
0.6727
2.0048
1.2885
0.6429
7.5628
2.0641
2.7849
9.4423
1.9587
6.0060
2.1262
4.0624
10.4984
6.9632
4.4880
4.0687
0.6855
4.6552
3.0338
5.7208
5.3467
11.7865
4.6315
2.9095
1.3255
1.5251
6.4538
1.9965
3.9436
5.9874
7.7258
2.6811
4.3319
8.3511
7.9695
4.0146
1.9781
14.3429
1.2287
4.5081
8.9670
0.6600
11.9261
7.7821
1.9023
0.6897
4.7970
4.2387
16.3107
2.7489
0.7897
0.6827
16.7002
2.9800
0.7930
3.6746
1.3034
2.4625
1.9487
25.1779
0.6662
3.2846
6.5824
11.4627
4.7387
0.6446
0.6512
1.9413
5.0463
1.3620
2.6536
2.0652
13.2091
9.0696
0.6401
2.7960
18.3012
2.6657
0.6839
7.9907
4.0910
5.4616
5.2334
4.2135
7.4476
1.5038
3.4633
2.9457
8.1143
2.0882
15.3818
4.0366
4.1430
6.7044
2.8334
0.6246
16.3900
26.4561
1.5110
8.2929
5.1233
1.8981
0.6507
2.6437
7.1400
1.2959
3.0605
1.3324
9.3811
5.3146
1.3593
3.3369
6.3327
10.5029
0.6541
5.5190
1.2991
18.9223
2.1096
5.4188
4.1436
7.1479
1.4520
10.1394
2.0486
11.7128
3.4343
1.3240
2.1843
3.3324
3.3165
1.9983
1.3240
4.0641
1.9387
1.3292
5.8985
1.4436
1.4778
10.9658
7.4014
1.9762
0.6966
1.3186
30.1063
9.3220
1.9913
4.6038
8.1524
8.8470
7.6210
1.4656
2.2442
1.3477
1.5010
10.3523
2.6658
0.6897
1.2690
8.5506
3.4852
8.7629
0.6478
2.2398
1.9969
15.5254
4.0659
9.7928
8.7258
3.4136
2.7408
0.6377
2.5740
12.4681
3.3014
9.6078
13.6406
1.2758
1.3078
3.4092
5.5169
0.6852
16.3575
1.9258
0.6313
4.3986
4.1647
0.6670
6.4711
1.2733
15.9740
0.6899
0.6246
11.0423
18.6952
0.6205
4.1542
3.3600
8.7549
4.7094
3.2999
1.9606
4.6063
4.9237
5.0132
10.4563
5.2600
3.4910
1.3529
2.0108
1.9899
4.9687
1.3368
1.4776
1.4577
0.6888
5.6016
2.1212
0.6201
2.6653
0.6362
8.2356
1.3607
0.6651
6.5745
4.7745
4.6454
2.6313
16.1132
0.6654
20.9421
2.1331
12.6897
5.8531
5.5947
2.8815
4.1524
0.6665
3.9241
0.6430
35.5982
0.6114
0.6960
11.6386
2.2447
3.4165
5.2606
0.6450
0.6675
2.6534
3.5999
7.3392
7.6906
1.3648
0.6444
4.7513
1.9046
16.8155
2.2244
20.2419
0.6354
1.9546
2.7778
2.6577
15.0782
22.5028
1.3340
3.3978
6.8082
18.2940
5.7058
2.8200
1.2927
0.6729
2.6556
0.6581
1.3842
6.6138
0.6603
7.5269
2.8454
2.5879
5.5852
20.1501
0.6742
7.5815
2.8874
4.0602
1.9542
12.0043
4.6138
1.2752
3.5452
9.0467
2.5661
7.2588
0.6803
3.9074
6.7379
1.9037
3.8730
4.8755
17.3088
11.2176
1.9520
0.6864
7.5107
1.9588
1.4228
3.4188
0.6491
4.3112
1.3071
3.4021
1.2686
5.1477
6.7458
4.9410
0.7969
8.6553
1.4350
1.9844
4.8900
5.9497
4.5597
6.1662
14.2439
7.5737
0.6751
4.0956
3.8829
0.6833
9.4108
5.3234
2.1393
3.3169
8.0563
3.3227
2.6038
5.0836
7.3570
0.6574
5.3111
0.6444
7.0594
1.4587
2.8381
2.0218
1.9508
2.5641
2.7401
3.4913
2.0654
4.7443
0.6642
6.8853
1.4239
1.3283
1.2770
1.9060
3.9079
1.4160
0.7836
9.3735
0.6690
4.9218
1.3150
2.8014
3.9981
3.4629
4.0326
3.9035
7.5045
2.7288
2.1865
13.2127
0.6508
3.5457
7.9762
2.1770
19.5431
1.4566
9.3705
1.3104
14.9637
10.2469
2.9593
6.5221
1.4445
1.2688
7.7462
7.4839
4.8829
1.9521
5.2038
10.8405
1.3079
2.1317
4.5397
3.2173
2.0011
12.3985
8.9124
1.6149
12.9493
4.1058
13.0840
10.5335
3.9585
1.9611
1.4638
10.7583
9.5557
5.4953
6.2382
17.9482
0.6944
12.6902
1.9844
15.3191
5.0524
3.4741
4.5796
3.8599
0.6952
4.0188
2.6250
0.6764
5.1761
5.7927
2.5936
4.6372
3.3439
0.7858
3.3210
2.0139
0.6506
1.9456
3.4739
2.5863
11.1214
14.4976
0.6241
0.8221
7.4305
2.8601
5.6994
5.3817
10.3808
10.9025
0.6987
0.6623
12.3754
0.7942
9.9453
2.7135
9.5848
0.6348
6.0058
7.9865
3.6184
0.6738
5.4057
1.4782
1.2917
0.8149
4.8129
4.6873
5.4246
2.6375
0.6498
4.6939
4.6000
5.9369
1.3329
0.6480
1.9755
3.5739
3.3780
1.4958
2.6644
0.6239
0.8025
1.9819
0.6307
2.6169
7.7072
3.3762
4.8127
0.6452
2.7318
11.5854
20.3789
0.7893
1.2854
2.0548
1.3155
3.3504
3.3626
3.9486
4.1772
8.4615
5.4309
0.6905
1.5012
15.6380
2.8621
10.3165
2.6164
10.2099
4.5727
2.6917
1.2866
3.4933
2.1386
2.5253
0.6360
2.5831
7.6916
6.6531
13.7914
6.1559
3.2221
4.0395
11.6943
0.6510
4.5268
8.8937
5.3847
3.2417
1.3796
7.1943
5.3579
9.9386
2.9140
1.5574
2.6276
10.5273
4.6774
6.7863
1.3935
2.0340
3.9061
4.8761
7.0589
2.0084
2.8142
2.5978
3.6335
7.9303
7.3996
1.3050
9.9235
1.2573
2.0215
2.0101
1.9817
1.5981
1.4694
3.5627
0.6991
2.0162
3.1820
12.0175
2.1997
0.6227
5.1232
2.6091
4.0346
5.1738
5.3380
1.3342
2.8225
14.1426
3.6211
1.9879
5.3833
0.6450
8.0775
17.2363
0.6482
4.5927
2.6224
3.9011
1.3503
1.3059
1.5847
1.3108
1.6464
4.6475
0.6544
5.0398
7.1176
4.6428
0.6534
1.3046
2.5938
4.0276
0.6205
2.7146
6.7208
6.8258
4.7862
0.6877
4.2161
3.9112
2.5834
0.6685
0.6116
1.3058
1.4660
1.2705
3.5666
0.8074
0.6789
4.0524
1.9867
1.2840
3.9018
12.1525
7.3303
4.0254
4.1480
14.7452
5.1829
2.6937
1.3759
2.0860
1.9426
9.3339
7.4074
0.6344
0.6321
11.6814
24.7385
2.1436
1.4641
3.3278
2.0037
2.6642
0.6560
6.1223
1.9098
2.0320
14.7083
3.8669
0.6570
0.6579
1.3840
0.6698
2.9571
5.9155
2.2059
10.9156
0.6803
15.0953
2.1197
3.6480
2.9705
7.4674
6.7605
7.7177
11.3231
0.6634
4.0625
1.2880
0.6507
2.6384
1.3295
9.3888
1.5050
11.5352
8.6813
6.2569
2.6722
0.6612
7.8591
4.4794
1.4063
1.3515
1.2816
4.8103
10.7182
2.6092
4.1879
0.7691
19.4357
1.3205
3.8493
7.3474
10.6501
2.5961
3.2076
3.3181
0.6647
2.6448
3.3144
3.1457
3.1340
2.0829
6.6132
2.0599
5.3247
6.2974
4.6495
1.5176
4.9167
0.6771
3.5872
2.2570
1.9978
0.6454
1.9987
3.5184
3.1748
5.5445
1.3234
6.3832
4.0417
3.9269
5.2617
15.3800
0.3614
1.3418
1.6194
3.2612
4.8181
0.6514
3.8742
0.6413
5.9923
4.0323
0.8023
5.8825
1.2437
1.9980
4.1407
6.8943
3.6352
17.6409
2.1040
7.0969
12.6740
0.6290
2.6147
3.3033
0.6820
6.8311
2.6017
8.4252
1.5009
0.7003
0.6474
9.3501
0.8941
6.3336
1.3510
1.3075
2.7328
5.9433
3.4458
3.6090
5.2270
6.3822
13.6655
13.9997
1.3583
26.3460
1.2972
2.1331
4.2338
0.7792
22.8895
0.6389
1.2833
4.3470
6.0245
4.2087
1.4524
9.4201
3.2465
1.2869
3.9548
2.0832
8.9387
8.4723
1.9969
8.9808
1.2973
4.4789
3.4543
3.3195
2.6829
2.1541
0.6161
6.1356
3.4450
7.7001
1.9501
14.9804
1.3439
2.7855
3.3242
1.3313
2.6053
7.0857
4.9806
0.6554
9.0065
1.3487
1.3210
1.9944
1.4489
2.6942
2.3629
8.4742
4.8695
9.8990
2.8260
12.3175
1.9794
1.3083
0.6592
25.4757
7.6496
1.9630
9.1577
1.3076
3.3038
9.2751
2.3660
4.5925
2.6251
1.2948
3.6694
4.0911
3.2566
2.6841
6.7450
4.0707
6.0406
4.7523
2.6102
11.0722
1.2697
3.5573
2.7561
7.1045
1.3323
5.3609
4.1238
0.6113
2.1546
13.3623
2.8450
0.6756
5.8588
6.2204
2.1990
6.4250
6.7015
4.2219
4.7560
0.7031
5.9468
2.7220
1.2754
0.6057
5.4309
0.6269
0.6398
7.3142
2.8725
1.9658
1.2597
1.5048
1.3343
15.1748
0.6231
0.6287
0.6525
0.6809
1.2776
3.2373
2.6294
3.3582
3.2993
2.2997
17.9590
2.8048
0.6479
2.2011
6.8283
6.0017
1.4785
1.9518
4.6625
0.6552
2.6660
2.0149
2.7492
4.9446
0.6625
8.2907
8.1581
2.1647
2.7622
2.6584
2.0122
2.6563
4.1437
1.9797
0.6776
1.2956
10.3641
2.1347
0.6426
1.9391
5.5323
2.2427
7.7158
6.8351
2.5811
2.0994
1.3302
5.3799
1.3328
0.6708
1.4480
1.8926
4.0696
3.5112
5.3970
2.8224
3.3719
5.3826
5.9046
6.8283
12.9218
1.3388
2.6511
3.2718
14.5739
11.5325
3.9852
2.8045
1.3201
1.2771
7.5262
2.9552
3.0036
0.6312
2.1077
0.6521
4.9292
1.6234
5.4476
12.5627
2.3159
0.6563
7.2208
12.2670
1.3023
6.2294
9.0928
11.4747
2.1313
2.2142
3.8799
7.1378
6.4265
0.6277
10.4695
2.8620
1.2719
7.3747
24.1104
2.5987
16.0502
5.9960
1.9725
0.6577
5.9083
3.9812
0.8430
1.3290
2.1426
4.3675
0.6579
2.6096
1.4909
0.7908
3.7713
8.0087
1.2804
7.0738
1.9962
6.1177
6.3095
0.6426
2.6985
8.6797
9.3599
0.6646
0.6636
1.3290
0.7015
0.6665
1.2906
1.4723
1.4561
2.6508
5.3284
4.0762
1.8984
2.6767
7.0008
1.2878
4.8543
3.3248
4.2504
1.3048
0.6692
0.8419
5.3828
1.2713
6.9300
0.6406
1.3047
0.8110
3.2823
6.9506
1.4195
2.0374
5.4229
8.2438
2.6431
2.7686
0.6631
0.6840
0.6640
5.4249
1.3136
1.9332
1.9340
1.2813
0.6528
1.4113
4.8670
1.8957
1.9550
8.4171
2.0812
3.3276
2.7784
1.3523
1.3119
0.6479
0.6505
0.8365
1.9827
5.3616
3.4030
4.8323
4.2278
0.7048
0.6471
3.3315
3.8669
0.6600
0.6252
3.4958
2.5930
4.8871
2.8094
0.6446
2.7680
5.4692
9.4689
2.1591
1.3381
6.7060
6.0170
4.0079
1.9686
4.5823
6.0648
1.4779
1.2701
3.3684
0.6730
0.6948
1.9696
2.6104
0.6428
1.4880
2.6075
7.3617
1.2367
2.6755
1.3388
9.1986
1.3259
0.7093
4.7897
5.5565
4.5466
0.6413
3.9210
1.9178
2.6211
2.0844
8.8504
2.6753
1.5069
1.4348
3.2942
8.1265
2.6814
2.6147
1.3029
5.3157
0.6572
1.5196
0.6333
2.6078
0.6366
1.2955
1.2911
0.6563
5.2677
3.1961
2.9580
3.4006
12.6748
1.3104
1.9352
2.8221
5.0329
8.1032
22.7477
3.8836
7.4225
4.1802
4.4631
1.9868
2.5889
3.6747
2.1168
4.5053
2.6407
1.9136
5.4614
4.6225
5.3596
4.7639
1.2576
16.3892
12.0144
7.2307
6.0238
1.5456
11.5668
1.9795
4.2596
6.8737
2.7936
2.9445
1.9349
6.6929
7.9935
5.9831
3.2379
0.6577
1.9143
4.6655
3.2623
2.5623
13.8058
2.3115
1.4609
10.8230
4.9027
4.5824
1.3089
6.2301
5.4644
11.4327
0.6562
3.9216
4.5683
2.6871
3.3643
0.6523
3.8949
3.2792
3.2505
4.5319
4.2874
3.3543
2.8216
6.8485
7.5672
2.7239
7.9380
0.6067
0.6565
0.6195
1.9464
1.2756
1.2974
8.0319
1.2921
2.8992
5.2049
3.2048
5.3031
4.5781
1.2379
9.8000
1.9012
2.7132
1.4541
0.6429
0.6866
9.5025
1.3107
8.7915
5.9805
8.4523
5.0014
2.6717
5.9273
1.2945
16.8725
1.9302
1.9656
5.5615
1.3462
17.0490
1.2574
3.4075
11.9470
1.3170
6.0197
0.6682
3.9922
1.3796
3.2855
2.5815
4.8517
1.3723
11.1986
2.0898
3.4903
1.3372
2.5931
0.6249
9.4335
0.6463
2.1229
1.4723
0.6516
3.9501
0.6573
3.2810
0.6699
8.9071
5.5469
7.5998
1.3071
1.9865
8.3686
2.6183
2.7876
0.6358
1.9662
4.1498
4.2917
6.7368
2.0078
2.5750
9.7092
3.4226
12.6677
2.2454
9.5274
1.9282
9.0926
1.3329
2.5776
1.3178
1.9361
6.7222
1.0011
0.7999
8.8117
3.6296
1.4301
1.2657
5.0596
1.7229
5.5977
4.1190
1.8916
2.7029
10.4815
2.9606
1.4353
2.7353
0.6203
0.7715
4.5784
2.0694
2.5807
1.5297
9.7955
2.9080
5.4694
3.4051
1.3143
0.6284
2.6037
3.7516
3.1462
2.5911
0.6879
2.6387
4.0077
2.8076
10.1650
0.6453
0.6411
11.2110
8.2350
4.5104
0.6725
3.2624
3.8568
1.9968
4.5234
2.8863
1.2947
2.5944
6.9685
4.8311
2.7993
4.7694
4.6809
6.7521
7.7996
5.6521
6.6050
1.3039
12.3358
2.2438
0.6415
4.2659
0.7786
3.2525
3.2492
3.2513
2.3315
3.2926
8.4002
3.2390
0.6690
5.9382
5.1856
3.2177
0.6412
5.4562
4.1783
2.0755
0.6364
2.6883
2.6310
2.8006
5.0589
2.6063
4.9394
6.8736
6.5651
2.3134
2.2450
1.5543
0.6332
1.4439
3.8587
0.6369
2.9318
1.3190
1.9654
0.6429
0.6944
0.8346
1.9501
3.4946
5.6241
0.6367
5.3629
0.6931
0.6330
3.2071
1.2893
6.7495
2.0652
4.6469
0.6218
14.7217
4.1267
4.6425
1.9362
1.2958
2.4234
0.6373
2.9051
1.3073
0.6292
1.2219
2.6803
3.9601
1.2789
2.5616
3.9096
1.9128
1.3302
4.3865
4.0539
0.8262
1.2773
1.3640
1.4215
5.3950
4.9019
10.8606
1.9463
4.6355
0.6311
3.7342
4.0440
4.0589
1.2656
7.7969
3.4533
4.6398
3.9040
0.6298
0.6521
1.4315
3.1894
1.2906
2.6063
2.7572
6.9497
1.3286
0.6156
9.0658
3.9590
6.8036
2.1045
1.6483
3.5053
2.0733
1.9869
6.1617
1.3106
10.0364
1.2683
2.5860
0.6365
0.6226
0.6828
2.5716
4.8883
0.7958
0.7792
0.6452
3.9874
1.3185
1.9889
5.8184
4.0144
5.2597
4.6744
2.6086
1.2780
3.9835
1.2731
10.0772
1.2315
1.2469
7.0134
8.0768
3.2525
4.5376
13.9660
1.9900
7.0763
6.1722
2.5752
0.6518
1.2979
3.3171
2.6490
1.2980
0.6207
0.6582
1.2728
3.9686
0.6658
8.3766
3.3801
2.5427
3.4429
6.6246
1.2788
3.4125
0.6393
2.6270
1.9330
0.6740
0.9526
3.3446
4.1316
3.3650
24.9761
2.1456
2.0059
2.1008
1.3270
16.2211
2.0540
2.2502
0.6219
8.5506
2.5716
0.8045
0.7721
1.2961
8.0053
6.6521
2.7490
9.7150
1.3033
2.1175
0.6499
1.6376
17.4640
1.3193
1.9543
3.3263
4.3181
2.0888
1.3109
1.3218
3.2239
0.7658
0.6447
0.7760
3.9644
0.6304
17.8075
5.2551
1.9080
1.9398
0.6887
2.5689
0.6579
4.6277
3.3409
2.7746
2.0761
0.6428
3.0730
2.0646
7.0219
5.7240
2.5415
0.6355
5.1770
6.3174
3.0824
4.0698
2.0493
4.9179
0.6610
4.3122
0.6369
1.3121
5.6063
4.0352
9.1774
4.0990
0.6306
0.6418
1.2574
1.4497
4.1060
5.3088
8.3280
0.6459
0.6505
3.4136
1.9336
2.1158
15.8217
3.3688
5.2622
6.3020
1.1386
1.3427
0.6499
13.4949
2.6445
1.4336
10.4490
1.9190
1.6625
1.9614
4.7758
1.2957
3.8021
3.9723
2.6443
7.6369
2.6459
0.6540
2.2060
0.8659
5.3997
5.6753
2.6926
3.9685
2.5981
1.2813
1.9836
2.9508
0.6353
2.0292
0.6284
0.6244
0.6622
4.7125
4.1710
1.9376
2.6416
1.2873
3.2442
4.8700
4.2343
12.7855
0.6307
0.6679
1.2875
2.0948
0.6443
0.6226
0.6621
0.6565
5.4610
2.2383
1.2719
2.7369
4.9221
3.4022
2.6493
1.4753
10.1311
5.5047
8.8508
3.5034
1.2908
4.9475
1.8915
0.6521
5.2307
3.4554
2.2430
1.4490
5.1406
2.5619
1.9931
2.6004
3.3298
6.5154
3.2545
3.9913
3.9787
1.5215
1.3129
3.9508
0.6301
5.5960
0.6745
4.1617
4.8718
2.5689
6.7256
0.6466
2.5951
0.7004
12.6580
2.0216
1.3008
4.1020
1.4634
18.3819
1.9441
3.4204
0.6186
0.6152
1.3127
2.2845
10.1366
1.2838
0.6659
0.6471
2.1203
1.4753
20.2786
1.3071
1.9671
0.6318
1.3026
1.2993
7.2815
4.5699
0.6754
2.5999
1.3314
2.7729
4.6137
3.4515
1.9793
1.9853
5.8361
0.6555
4.9007
7.5282
1.2810
4.2202
10.1479
1.2822
0.6943
1.9588
3.9035
7.9802
1.2648
5.7896
0.6321
7.6267
0.6696
0.6570
0.6509
3.5350
6.0287
4.5973
2.6517
1.2893
6.5162
1.9241
0.9817
0.6739
8.6417
2.0432
1.3529
11.3999
5.8329
1.9198
0.6298
3.4848
0.6539
0.6166
2.4322
8.0016
1.2842
2.1209
2.6437
2.0931
8.7796
3.5645
2.6529
1.4962
1.5931
1.3670
1.9816
2.7853
1.7337
4.8695
0.8091
1.4826
1.2943
2.5703
0.6624
5.3680
7.0048
1.5338
1.3616
3.4981
4.6410
4.1009
1.4426
0.6517
0.8560
0.6350
4.6886
6.6345
0.6750
0.6243
2.6016
3.2114
1.9089
1.9811
7.3609
3.2977
2.5509
2.1840
6.6715
0.6343
0.6258
1.2937
1.9648
6.1322
3.3162
11.9055
1.3381
10.8335
2.1858
7.5423
1.4717
2.6242
1.3281
1.3753
1.9751
6.7170
2.7880
6.5738
1.9196
2.7455
9.1574
7.4109
3.9794
0.6025
8.5307
4.0042
11.6082
5.0077
6.8426
0.6462
0.6849
4.5977
4.5948
2.5758
4.7018
0.8245
10.1455
0.7252
0.6310
0.6907
1.2810
5.3064
2.6075
2.0061
2.5749
2.7980
7.8502
0.6293
5.8559
1.2812
8.1582
1.4218
1.3108
0.6825
2.7758
1.4941
1.2894
9.1159
0.6110
4.8914
1.2759
1.2885
3.5957
4.1810
7.3580
2.7601
2.2575
3.1372
3.0800
8.1438
6.0192
0.6480
0.6307
0.8082
1.5000
3.4338
4.5101
2.6812
1.3038
0.6652
0.6284
0.6273
3.4310
5.5406
1.3121
1.9245
10.6481
1.2574
4.2560
1.3443
0.6394
2.6649
0.7190
3.4718
2.0357
1.3162
1.9212
0.6444
4.4755
2.6001
2.4690
0.6360
2.5850
4.7736
1.4518
0.6279
6.6311
3.9295
0.7703
1.3112
0.6442
5.8345
1.2869
0.6492
3.0451
1.2908
5.6185
1.9833
0.6227
0.6385
2.7166
4.9903
2.6976
1.2805
1.3179
3.8867
0.6564
4.0102
9.7883
0.6571
3.5065
7.9277
0.6244
0.6583
1.3067
4.0781
2.7552
0.6262
0.8082
0.6349
0.6453
0.3454
5.2637
0.6632
1.3652
10.1588
1.4099
0.7024
0.6441
3.5879
0.6548
0.7092
1.3362
5.5878
0.6540
3.3658
2.6669
6.1180
4.7975
6.4489
1.2906
1.3374
12.9910
0.6445
1.9729
5.8291
13.9712
0.6348
6.2755
0.6456
1.7376
0.6498
6.2769
3.9594
8.0655
2.5899
0.6869
1.9910
5.5190
0.6405
5.2256
1.3118
3.5728
2.6192
0.6505
5.5035
4.2162
7.6049
6.2249
9.4321
0.6674
2.6106
1.9797
7.7703
3.5870
0.6390
3.2060
0.6210
1.3005
2.5886
1.3335
1.9229
3.2463
4.1155
0.6416
2.0772
1.2931
1.3097
0.6150
0.6424
8.9238
6.2894
0.6504
2.7191
2.1591
0.6221
2.2144
6.0814
0.6494
0.6286
2.1457
2.9381
0.9292
6.0375
4.0443
13.0099
0.7872
4.6558
2.0071
1.3464
1.4985
1.3619
2.1454
3.9080
10.9858
2.3050
0.6565
2.7594
2.9761
0.6172
0.6408
2.1369
0.6789
1.3182
2.6775
0.6149
5.5035
10.5160
1.4951
2.7728
3.2013
0.6399
1.3295
7.6650
4.2258
0.6291
6.0281
6.9509
2.0475
0.6660
1.3237
5.2195
9.8338
1.3059
11.8584
5.5375
5.9716
4.1784
3.2766
1.4348
0.6412
1.3342
2.5997
2.6890
8.4754
1.9029
9.4399
2.7782
0.7040
0.7748
3.4657
0.6672
1.9665
1.4796
1.3303
0.6856
4.6064
5.4567
10.8446
2.0251
3.1748
6.5302
2.9614
9.0893
0.6213
3.3781
2.0043
4.1521
1.2474
8.9326
1.4779
2.0068
1.2964
2.0140
1.3272
1.3033
2.1044
9.5176
1.2948
4.7167
9.4998
6.6253
1.3033
3.9454
3.9742
3.2027
2.5727
2.6033
2.6215
1.9378
3.2710
1.3123
12.8760
2.5903
2.2255
0.8409
1.3345
3.1865
2.5693
1.3323
1.4629
9.9840
8.0776
3.9467
1.2903
4.0026
0.6591
14.9168
0.6230
3.3706
10.6152
2.6081
5.1820
1.3123
3.3076
2.1165
1.2460
4.5236
2.1463
0.6501
1.3331
2.2574
4.0987
0.6620
0.6746
5.3997
2.5490
1.5741
0.6587
8.6754
2.6163
0.7938
1.2988
1.2898
6.2049
6.1202
1.4598
3.5885
0.6652
3.2938
0.6543
1.2954
7.5635
8.6791
7.1936
1.3135
1.4701
2.6487
3.6632
0.6919
6.7147
1.9218
4.1680
1.2665
1.3259
2.1093
0.6576
3.2911
2.0268
1.2779
4.0710
0.6415
0.6555
3.9575
4.1619
1.9368
3.8788
0.7849
4.9889
8.6913
3.5572
4.6602
3.5873
2.0378
0.6698
3.4567
2.7724
4.0989
3.3933
8.2936
4.8504
13.2012
4.6487
5.3022
3.4981
6.7186
6.7540
8.3435
5.7163
2.2906
0.6643
3.4249
0.6398
2.6281
1.9641
4.4701
3.9489
2.5222
4.1471
4.7683
10.9691
2.1224
7.2245
0.6954
2.8238
1.4792
7.6662
2.7637
1.3038
4.1647
0.6376
1.9276
0.6442
1.2761
0.6187
0.6069
1.3619
1.9502
3.4252
4.0760
8.9623
0.6650
0.6738
3.2635
1.3451
4.9180
0.7922
4.6334
5.3379
3.6622
4.8057
1.8921
5.3254
1.9604
4.4973
2.7163
5.3504
0.6814
0.7033
2.5710
5.9410
0.6255
2.8310
2.1621
8.9701
2.0077
0.6468
1.4215
8.2774
0.6845
0.6719
1.2850
4.0598
0.6480
4.8837
0.6801
2.5706
3.4004
9.1240
4.0135
0.6588
2.1602
8.9467
4.5003
3.4550
1.9804
3.2353
1.9333
3.8938
5.6658
2.1141
1.3157
3.4411
2.6742
5.3077
3.5008
1.4448
2.6355
2.7293
4.5577
0.8145
2.1428
2.0575
2.7691
0.6638
3.4935
3.4272
4.5702
2.7734
3.4198
14.2367
0.6607
7.5709
0.8693
1.2630
3.2407
1.9850
2.5966
2.0214
2.0569
3.5627
2.5395
8.2233
3.2795
3.9091
1.3130
0.6506
0.3085
3.2011
4.0767
2.8060
0.6399
2.8555
2.1405
11.4394
2.4242
0.8581
3.4456
3.4618
2.1693
1.2629
1.3069
8.0650
2.8355
2.0283
4.9320
10.8579
2.8192
0.6718
2.7220
7.9226
1.3131
3.6171
5.2990
0.8060
2.8318
11.5568
4.0330
2.0053
2.1127
3.2660
3.9473
4.8676
0.6096
0.7069
2.6471
3.3176
0.7149
4.8014
1.9756
2.3152
1.3588
2.0000
3.5897
6.0292
8.6527
8.3405
6.5530
2.9348
5.9350
2.1142
1.2935
9.5940
5.8447
1.9943
1.9236
2.0902
1.4247
7.2788
0.6447
7.3445
6.0444
3.6324
3.2209
10.7819
4.2905
7.4009
1.2565
1.9136
3.3598
5.7446
7.2664
1.3343
3.3852
0.6725
1.4092
0.6516
0.8050
8.2111
3.7646
5.1875
5.7558
2.6404
1.3349
1.9910
2.1028
1.6662
4.0673
1.9989
1.3232
2.8308
6.0686
2.8678
2.7441
1.3040
1.2575
6.6923
4.9500
0.6452
1.9744
5.3662
2.6132
4.0428
8.7920
3.9855
2.6924
3.3896
6.0615
5.8310
6.1297
0.6644
2.1813
4.1355
7.4154
1.9467
4.0643
2.6255
1.3555
6.0208
0.6331
2.2106
2.1075
2.5815
2.1353
1.2975
2.5630
1.2870
0.6613
2.6073
0.6621
2.6235
0.6507
7.4861
0.6824
1.2836
2.6701
5.2254
2.5721
2.3213
4.1785
0.6799
1.2550
2.6536
0.8490
0.8526
6.1447
0.6531
6.0814
0.6937
5.5428
1.8995
14.4422
14.5560
1.9553
2.5722
3.9651
0.6329
3.9798
1.4481
3.4156
0.6605
0.6563
0.6536
8.4260
3.6492
3.3122
0.6813
2.1220
0.6773
0.6890
2.0076
0.6385
2.0313
2.3073
1.9654
2.8576
0.7770
2.1035
0.6503
2.3112
0.6699
0.6577
5.6350
13.4767
2.0262
2.9147
2.0971
0.6765
0.7040
2.7306
1.3185
6.6410
2.6355
3.4137
0.8289
0.8194
7.2441
1.5244
2.7404
3.3163
2.8088
1.3245
4.8355
0.6754
1.9589
1.3310
1.2894
0.6460
7.9888
0.6324
1.3213
1.3975
0.7641
3.4965
0.7000
4.3281
1.3239
0.6794
1.9371
1.4489
1.3006
5.9202
4.3084
0.7002
3.4755
2.0488
1.3183
5.5347
0.6750
4.7867
6.2739
4.9476
5.4831
1.4715
1.3322
5.3170
2.6325
4.0535
1.3047
3.6451
2.6451
2.6592
2.7347
5.5083
1.2627
3.4878
0.6403
0.6342
1.2884
2.0881
4.6075
0.6457
2.6350
0.6667
0.8500
9.1122
9.2784
1.3493
7.0111
1.9509
1.6468
0.6554
2.1078
2.0685
1.0043
2.0581
0.6507
1.4921
2.9539
1.4141
4.8878
4.1266
10.8633
1.3918
7.7682
2.5522
4.8333
6.8220
1.9700
0.6867
1.9569
0.6612
2.0884
0.6154
3.4219
0.6710
3.6216
5.2808
2.6592
0.6672
4.1617
1.2810
2.0911
1.9194
5.7293
2.4591
3.4356
3.3101
11.8550
4.0171
5.9609
4.1358
2.6214
1.3310
5.5549
0.7144
2.0374
4.9907
1.3579
2.0050
0.7122
3.8956
0.6915
2.0103
2.8122
2.6644
0.6177
6.1133
7.5378
0.6600
2.5062
0.6375
0.6286
1.3283
2.7708
2.7590
0.6505
2.1479
0.6527
8.2222
6.3113
1.2912
0.6633
3.3404
0.6321
6.6188
2.7220
1.2791
7.8186
0.6436
2.1031
2.8100
0.6635
2.2681
2.5929
2.0606
3.3630
1.2826
1.4949
4.9328
0.6998
0.8011
5.4741
1.9584
4.5835
4.5090
5.6786
1.3012
2.7363
6.1156
4.1581
3.3432
6.8364
1.3329
0.6738
5.4873
1.9081
3.4851
1.4478
1.9314
6.8746
1.3228
0.6558
1.3190
5.4252
1.3219
2.6419
2.0384
0.6298
2.8264
3.4069
6.8811
0.6349
1.9597
1.6265
0.6864
2.8076
3.9227
0.6363
8.8568
1.4495
3.2632
4.8741
3.6609
3.2126
1.8798
4.1230
1.3340
3.3989
2.0059
3.0453
12.2631
2.1676
1.9615
0.6748
0.6256
0.8051
4.0302
4.9226
0.6851
0.6414
5.9417
0.6695
6.1816
1.3277
1.9483
1.2881
2.0379
0.7234
3.4197
0.9778
0.6348
5.3863
9.5731
2.7260
0.6492
2.9210
3.2908
1.9368
1.3665
2.6879
3.9133
1.3163
3.4627
2.6573
4.0487
8.0630
2.1041
1.3429
4.7775
2.3753
0.7938
3.5742
2.7561
2.6233
2.6762
4.5569
1.5096
2.0080
1.9101
1.3105
4.0700
1.9772
3.2885
2.2697
0.9898
5.4287
0.8016
2.0288
4.1704
4.0307
10.7970
1.4090
1.3022
4.6579
3.5176
9.5234
0.6485
2.6295
2.1479
1.9643
0.8168
1.9239
0.6429
1.3678
1.3954
0.6321
0.6204
6.8495
1.9322
2.9639
2.9677
0.6363
0.6295
3.3151
1.4121
2.9356
0.6310
0.6768
2.7713
2.5291
2.8147
4.5824
1.3109
0.7830
0.6531
18.7334
1.9770
0.7860
4.8578
0.6431
2.6503
0.6196
4.7377
4.8028
0.6731
7.5203
5.4810
0.6750
2.1535
0.6762
2.0951
4.6641
1.4833
3.7799
1.8804
3.4011
0.7822
1.4794
2.5608
1.2348
2.1970
3.1839
6.1400
2.6160
4.6267
2.3383
0.8453
3.7253
3.9782
4.9138
2.2286
8.9491
2.9943
6.3668
0.6532
2.2946
3.4317
1.2587
4.5154
1.3183
1.9375
6.6168
6.0714
0.6585
1.3209
4.5985
2.7901
11.6085
3.2815
8.6271
2.7511
3.2413
1.3011
7.1477
0.7944
0.6613
0.6491
1.4273
2.0216
2.1534
1.2947
5.2736
2.0759
1.9974
0.6694
3.2885
0.6701
5.7248
1.2924
6.0200
2.3059
3.2848
1.9657
1.4367
10.0173
1.3098
0.6604
2.1048
1.3646
3.4328
4.8006
0.6450
2.0914
1.9453
3.4364
8.0596
0.6605
0.6470
4.8070
6.8763
0.8077
5.8317
0.6266
2.8276
5.8991
1.4837
1.9603
1.9363
5.9237
1.3113
4.5311
6.8607
5.9760
8.4313
9.3350
2.8014
3.4137
0.6408
6.8891
0.6484
7.6880
1.9628
1.9726
2.2787
5.4531
1.2884
4.7566
0.6356
2.6391
4.0101
5.8016
2.8267
4.7265
1.9791
3.8919
5.4541
1.4228
12.3449
1.9414
1.4082
2.0674
4.1137
3.8650
3.8602
5.3431
4.0692
3.5729
1.9518
0.6654
2.7988
4.2548
1.4939
3.2892
3.2657
0.6586
1.4457
3.4432
0.6842
2.3267
1.5140
2.5223
1.9510
4.1311
0.6345
7.4795
0.6446
2.6249
3.3841
0.6577
7.2937
0.6781
0.6352
2.1250
0.6700
1.5178
1.3333
1.2854
2.6010
3.2808
5.2986
0.6347
0.9427
0.8331
0.8128
0.8177
3.2526
5.3441
3.4342
4.0662
1.2867
1.9322
0.6301
3.2631
3.2816
6.1813
4.8190
1.4786
2.5898
1.3047
0.6405
4.0855
1.9125
0.6428
3.1075
3.1924
1.3710
0.6850
8.7263
1.3503
3.9099
0.6609
4.8850
2.7356
1.3457
0.6708
5.3903
2.7584
8.0542
1.3425
1.3116
0.6878
2.2511
2.7600
0.6709
6.9766
0.6512
12.9444
4.2566
1.4890
7.2029
1.6482
2.3263
0.6254
1.9548
4.0147
1.2694
0.6313
2.7980
2.0174
2.6625
10.5271
9.0447
0.8524
0.8260
1.7453
2.7486
4.5005
1.4672
2.0688
1.2591
0.6480
3.9850
2.6371
2.6019
7.2832
0.6508
4.7358
1.3074
1.2740
2.6076
1.2601
2.7981
4.0870
3.1127
1.3048
1.9512
0.6562
4.2137
1.3347
1.9357
0.6568
3.5169
2.6567
3.3676
2.5939
0.6857
2.0068
3.8165
0.6874
1.2856
2.6090
0.7657
0.8619
1.5260
4.7305
1.4433
0.6252
0.6573
4.0456
1.3192
5.8740
3.9356
1.3587
1.3444
0.6961
1.3410
0.6525
2.1268
7.4725
3.2853
0.6396
4.8593
5.2709
4.1318
1.3274
0.6454
2.1555
1.9278
4.5160
2.1090
3.4291
1.2775
3.4888
0.6529
0.6601
0.6806
2.8908
4.1316
1.3408
0.6555
3.3628
1.9937
3.3885
0.6330
2.6379
0.6628
1.3104
0.6387
1.2809
0.6358
1.2886
0.6933
0.6946
3.3896
1.2830
0.6121
8.0938
0.6623
0.6412
1.3234
0.6746
1.2929
4.6204
0.6789
0.8628
0.6799
7.0837
7.7727
2.6447
4.1387
3.8376
3.9461
1.2989
0.8831
0.8844
2.1000
2.1768
3.6653
1.3540
3.2560
1.9986
2.0077
3.5471
2.1028
1.3448
2.5271
6.5955
0.6659
2.1267
3.6986
1.9181
1.3006
0.6298
1.3143
0.6314
4.9155
0.6370
2.1922
1.9924
2.7596
6.5439
1.3003
0.6686
3.9211
9.9396
4.8856
4.7136
1.2855
2.6214
1.9561
3.5584
1.2702
1.3394
0.6848
1.9625
3.4733
1.2561
8.6506
2.8140
0.6791
1.3092
0.6221
0.6468
1.9760
3.4630
0.6591
4.9681
0.6223
5.7008
4.9384
0.7985
0.6397
2.0509
4.9439
0.7061
5.0643
2.6613
2.0411
1.4763
4.6668
0.6638
6.8189
1.3522
3.2319
4.2047
6.4273
3.4112
6.0271
1.9104
8.1191
1.3193
3.5872
0.6497
0.6484
1.9609
2.1434
6.0222
1.3396
5.0711
7.9504
2.1008
0.6481
1.2960
3.6451
1.3168
0.6332
0.7120
0.6748
4.0238
3.8575
0.6658
0.8006
2.0953
1.9459
0.6790
4.5994
1.3193
3.2752
1.9537
1.3396
6.0595
12.2854
4.5950
10.5036
0.6313
2.1270
4.9579
2.6749
1.9483
3.7636
4.0050
9.4842
4.6446
3.2957
4.7290
0.6700
0.6940
2.4735
1.2620
1.2656
1.3078
1.7060
1.3255
2.1290
2.1563
0.6834
0.6729
0.6625
2.0224
3.2673
1.2749
2.1043
3.9594
4.0367
3.3089
1.2705
3.4103
1.3476
1.2927
0.3505
1.3780
3.3385
0.6211
2.1024
2.1828
2.7834
0.6201
0.6739
1.5250
0.6456
2.1026
3.4549
4.6057
0.6525
0.6566
0.6846
2.1426
1.9898
0.8125
0.6657
0.6806
0.6493
1.9627
0.8259
8.7516
12.7290
0.6709
0.6482
3.9010
0.6313
4.0935
4.0503
3.2435
6.6793
1.9486
1.4512
1.2784
2.1524
2.0415
1.2945
0.6492
1.3785
2.1044
5.5566
1.9819
0.6612
6.1893
3.2470
4.5763
1.3107
0.8083
0.6430
1.9478
0.7931
1.4842
1.2452
1.9671
0.6738
0.6227
1.3343
2.6959
1.3133
1.3563
2.6742
1.4856
17.6722
5.4583
1.9564
0.6572
1.9269
3.4526
0.6520
6.6771
6.7122
0.6287
0.6686
2.2727
2.1504
1.5628
1.3296
8.4017
2.8895
1.3320
7.0788
5.4700
6.1640
2.6556
2.5916
0.7888
3.5172
1.5195
1.9378
0.6597
1.3758
1.3160
0.6319
2.1786
1.9984
2.7152
4.0723
1.4138
3.2090
1.2929
0.6924
3.5149
2.1802
2.6570
4.1714
2.1662
0.8024
1.9170
1.3422
1.3196
3.4521
4.5623
1.3457
0.6738
4.3782
1.3388
3.2667
3.5965
0.6410
5.1891
4.9561
7.2950
1.2870
2.8737
0.6916
1.5106
2.0907
5.2448
1.9660
6.2013
2.0306
3.9907
3.0001
0.6893
4.9577
1.6028
1.2848
0.7072
5.4304
3.7399
1.2616
1.9950
1.2762
3.2692
2.7355
1.4590
6.7164
2.6011
2.0268
1.3159
5.7619
2.8701
4.4821
0.6326
3.3394
1.3494
0.6435
3.4503
1.9750
2.0441
3.1654
1.3207
1.9398
1.9947
1.2465
3.1631
0.7748
0.6311
0.6826
0.6854
8.7918
0.6749
2.0753
1.9787
0.6789
5.6127
1.6841
0.6298
0.8531
1.2692
0.6879
1.2421
0.6634
0.6544
3.3667
6.8370
1.2888
2.0135
0.8441
1.3009
2.7328
2.7994
3.3350
0.6185
0.8169
0.7772
3.5240
2.8164
1.3645
1.9472
2.8447
0.6210
2.8446
1.2841
1.2874
0.6955
1.9721
0.6315
6.0422
11.5875
1.3738
1.6661
5.1343
3.4481
3.1977
6.4618
1.9371
3.2992
5.9155
2.9380
0.6700
2.7585
1.2912
4.7474
2.2584
0.7934
4.1421
1.9364
4.6095
6.0915
1.3595
0.8420
2.2773
1.2980
1.6558
3.3700
0.6559
0.7831
5.9954
1.3096
6.0236
1.2892
0.6718
0.6427
2.0186
6.0846
1.5419
1.3207
1.9347
3.4309
2.7750
3.5388
0.6710
1.2884
3.4897
4.9085
1.3166
0.6787
2.8949
0.6524
1.2877
0.6557
2.1802
2.6081
5.0324
0.6564
0.6727
4.1403
6.1840
3.2903
2.1053
3.4315
1.9180
4.9092
0.6108
0.6909
0.6502
0.6887
0.6815
0.9885
0.6447
4.0954
2.1517
4.8007
4.7414
4.2011
6.1304
1.6388
1.9379
0.6620
2.9532
1.3125
0.6679
6.1609
1.9308
3.8860
1.4838
0.6656
1.9911
1.2915
1.8889
6.6621
4.6552
1.5803
0.6461
2.1353
1.9875
2.1260
1.9107
1.5322
1.2570
0.6320
7.2538
7.3443
2.6399
2.0997
1.4741
1.3285
3.3927
3.2707
1.4285
0.6482
0.7951
1.3147
1.9801
2.7005
1.9738
5.3954
5.6034
1.4082
3.4402
0.6708
0.6633
2.5332
2.0352
3.4179
1.3444
4.9250
0.6472
1.3626
2.4852
0.6591
0.6493
0.6622
0.6900
5.0853
1.4931
1.9482
3.2383
2.0268
3.2405
3.4683
3.3189
0.8244
13.3880
1.2737
5.5779
3.5089
1.9705
1.9948
14.5160
1.9829
1.8773
1.2945
3.9399
1.2915
0.7808
1.9868
1.3839
0.6538
0.8123
0.6651
1.3103
1.9720
1.3977
8.7791
1.9697
0.8334
4.0455
2.6794
0.6591
4.8150
0.7239
2.9483
0.6572
1.9453
4.0860
2.1291
2.1487
0.7185
1.3815
1.9594
0.6478
0.6581
1.3189
1.8330
4.1975
1.3538
2.0141
1.9416
1.3545
0.6469
1.9953
1.9420
0.6710
0.6777
1.2832
1.3061
4.2506
0.6328
0.6828
1.3472
0.8233
0.6781
4.0204
0.7072
2.7960
2.6415
3.5552
1.3269
4.9970
0.6446
1.9636
1.8846
5.8399
3.5075
0.6369
2.2434
0.6191
4.0678
3.9727
6.1427
2.2945
0.6317
2.6819
2.1251
1.2724
0.6611
1.3047
3.5248
2.6511
2.0592
2.9629
1.5057
1.3416
1.2793
0.6390
3.4052
3.9208
1.4919
1.9111
0.6400
0.6431
0.6421
1.3150
1.9390
1.3006
3.3362
1.9865
2.2020
2.2199
1.9776
1.4305
0.6765
2.8790
3.0722
2.5774
3.9060
10.2154
2.7447
2.7961
3.8592
1.2604
1.8938
1.3704
2.0974
2.5409
4.7350
2.6074
1.3353
0.6329
9.4405
7.5386
0.8230
2.1367
0.8014
2.2582
0.6749
1.4405
1.9236
0.6611
2.6019
1.8930
0.6489
1.9464
1.4176
3.5402
3.4867
1.4727
1.3500
0.6576
2.1148
0.6607
0.6369
6.6349
1.9425
1.9302
1.3109
0.6856
1.9411
2.8089
5.8662
0.8064
1.2629
1.9932
1.3081
1.3005
2.8188
3.4560
0.6642
1.4401
2.7391
1.3112
2.3066
1.2949
0.6786
11.3299
0.6498
4.0672
6.1602
2.8934
0.7189
2.4938
0.6334
0.8719
2.8640
2.2624
0.8645
0.8753
1.5597
2.9627
1.4616
2.9294
1.3370
3.6189
4.9406
0.6777
0.6668
1.6598
0.8001
1.2933
1.4623
1.5028
1.3041
3.9399
4.4244
9.2479
1.2981
0.6445
1.4088
1.3310
1.3842
1.3423
2.0092
6.0778
1.3346
1.3467
1.9716
3.9411
0.6762
1.5817
1.3373
4.4105
1.9616
1.4779
3.9693
0.8011
1.5019
6.3727
2.0010
2.0080
1.2887
1.3193
0.6376
2.1537
2.1157
2.0820
0.6529
8.8577
2.6436
1.3330
1.9639
6.7427
2.5672
0.6647
3.4480
3.1640
3.9864
0.6645
2.4822
2.5970
0.6747
5.5787
1.3182
3.5214
5.9810
1.3193
1.3706
1.9953
4.7294
1.2964
1.9485
1.3111
4.2047
5.9223
0.6596
4.5272
4.0420
0.6303
0.6225
2.1351
0.6330
2.7615
1.9079
1.9700
1.4824
0.6597
3.7483
0.6752
2.7180
1.3350
1.4275
3.5032
0.7896
1.3210
0.6998
5.1815
0.6316
4.1315
4.6840
2.1339
4.0545
0.7955
0.6732
1.9155
0.6442
0.6587
1.3013
1.3295
0.8812
0.8809
12.0874
6.7449
2.6047
3.8977
1.3464
4.7075
11.8949
0.6770
4.0999
1.3385
1.4454
1.4637
12.5859
2.6005
2.1239
0.6672
0.8357
2.7373
1.4627
0.6550
1.1087
3.5024
0.6710
0.6812
3.4932
0.6363
4.6099
0.6501
2.6029
0.8259
1.2952
0.6671
5.7270
2.5890
0.6901
4.0224
3.9575
0.6672
0.6827
1.3283
0.6168
0.6289
4.7853
2.0269
1.3280
3.4208
2.0443
2.0802
1.3373
0.6334
0.6283
0.6616
1.9039
4.7088
4.6409
0.6211
2.7663
6.3880
0.6343
6.7793
4.0316
0.6835
1.2995
2.0041
3.2982
3.9681
1.2870
2.2562
2.6494
0.6246
0.6421
6.1821
1.2929
1.3069
2.7096
8.2412
2.9759
2.2972
0.6221
4.3242
0.7777
0.6415
2.7399
0.6428
0.6657
0.6413
1.3376
1.3076
0.6983
0.6642
4.6156
2.0173
1.9814
4.7700
1.3204
0.6729
4.9337
1.9225
2.6384
1.9874
0.6653
2.5495
1.3047
3.2569
1.3343
0.6620
3.9144
0.6559
0.6433
0.6496
0.6609
0.6360
2.1051
1.4962
7.1970
1.9975
3.2894
4.4443
3.9713
0.6374
4.0201
4.2406
2.7424
2.6128
4.1250
6.0823
4.2367
1.3009
1.6226
2.1207
1.4881
0.6309
2.5886
0.6564
0.6326
0.6794
2.0066
1.9475
0.6312
0.6486
2.9416
0.6318
0.6500
6.1615
1.3033
1.9638
0.6514
4.6260
10.0480
1.3025
1.6337
1.3092
0.8214
4.0026
2.6077
0.6770
0.8422
2.6302
1.9637
2.1118
2.6855
5.0637
4.0387
1.2960
4.1595
0.6635
0.6594
3.9781
6.6681
0.6500
2.5951
2.1641
1.3174
1.3164
0.6373
2.2626
2.1405
0.6606
10.3520
6.1701
0.6802
0.6293
1.9865
1.1920
0.6597
2.7649
1.3258
0.8260
1.3049
6.1298
7.9088
3.2252
1.6036
0.7027
3.3555
3.3201
1.9368
2.7832
1.9219
2.8868
2.5727
3.9759
1.3161
0.6426
0.6690
5.0886
1.4528
1.3198
1.3173
0.6799
1.5436
1.3443
2.6277
0.6349
1.9431
0.6236
2.0774
3.4400
3.2594
9.6968
1.3862
1.9129
2.7420
4.5755
5.2842
4.2508
2.6342
1.3053
0.6719
0.7912
12.1682
2.8934
1.2992
4.1908
3.3031
1.4410
2.0191
0.6837
1.9502
1.9973
1.2816
4.1041
2.1690
1.2819
1.5154
2.7369
2.9212
5.6111
5.4575
3.5875
0.6606
1.3288
2.7427
0.8948
0.6270
0.6297
1.5315
1.9798
1.2953
4.0766
1.3459
0.6888
3.9511
2.0329
0.6835
2.1154
1.5205
2.1422
1.3660
0.7214
1.3140
0.7825
0.6568
2.8115
4.5453
1.3118
3.4477
6.6470
6.6955
1.9397
2.0215
1.3235
4.2146
2.8562
0.6751
2.6251
0.8496
8.6893
4.6721
4.0091
0.6419
3.4294
0.6325
1.2722
1.8182
0.7999
2.8417
2.7801
2.5241
2.8835
1.3130
2.6976
0.6395
3.8877
1.2950
1.4847
0.8177
1.9633
1.3754
0.6514
1.3437
5.2846
0.6651
1.9010
0.6773
2.2793
0.8327
2.5643
2.5861
0.6737
0.6522
5.1505
0.7719
3.5216
1.3361
0.6258
0.6737
8.3133
3.8806
0.6342
0.7871
0.6469
2.6246
4.6378
4.1566
0.6849
3.6322
3.3297
5.3674
5.9318
2.7409
8.9136
0.6530
2.8030
6.6718
1.4638
2.0915
4.7152
0.6350
1.3162
1.9842
2.1432
1.3178
0.6446
0.6554
1.4626
4.0615
0.6477
1.3202
1.2907
2.7512
2.0716
0.6231
1.5624
5.8402
0.6230
1.3030
2.8154
1.3056
0.6341
1.9115
4.9117
0.7789
0.6524
2.6026
0.6646
0.6852
1.3280
1.3163
2.6735
5.8114
0.6191
0.6741
1.4553
1.6475
6.5816
0.6452
1.9888
1.3284
3.4497
1.9915
0.6420
5.0848
0.6335
10.0064
0.8075
2.8601
8.4673
0.6243
2.6329
3.5218
1.3383
1.5038
1.3138
3.3903
2.9374
0.6668
4.6890
0.6390
0.7865
2.6567
5.4164
1.3056
1.9260
0.6667
8.5248
4.1685
1.3162
0.6564
2.1164
3.5299
4.0091
0.6652
3.2560
0.6396
0.8201
1.2814
1.2800
1.3233
1.3323
2.6043
1.2824
4.5750
2.5217
2.6532
0.6322
3.4241
5.5718
2.3916
3.9164
0.6290
1.3845
3.2763
0.6561
0.6695
1.2794
1.9777
1.9667
1.4896
3.4130
3.2225
0.6526
1.3110
0.6511
11.4727
2.9541
1.9478
2.0997
0.6640
4.7939
0.3453
4.6937
0.7732
6.0683
0.3082
3.4044
0.6236
5.8939
5.1905
6.1298
1.4568
3.4738
2.0287
1.2688
4.7444
0.6545
0.6420
1.3080
3.3252
1.5098
1.2786
0.6311
2.2136
1.3322
0.8486
2.6628
1.4996
1.2347
5.5749
1.9387
0.6473
2.7629
0.6187
0.6416
6.6953
1.3420
5.4427
3.3803
2.6403
0.6996
1.3681
1.9264
1.2853
2.7174
2.0002
0.6552
1.2795
2.7512
3.3453
1.3537
0.6786
4.7044
2.0044
1.4141
0.6930
0.6253
3.7530
0.6823
6.7642
0.6968
1.3269
1.3049
0.8828
0.6635
1.3787
2.9619
4.6051
2.6658
0.8852
0.7968
4.2142
1.3226
0.6458
0.6504
2.0185
2.8897
1.2681
3.6040
2.1653
2.6811
4.7383
2.8072
3.4904
3.2715
2.0001
1.8837
0.6377
0.6468
1.4386
3.2693
2.5806
0.6696
2.6267
2.6273
0.6688
0.6666
3.0070
2.0229
1.9686
0.6591
1.5076
6.3476
5.6063
0.6628
0.6613
1.3264
0.6500
4.1830
4.6485
5.9970
1.3357
1.3323
3.3221
3.2812
1.3291
0.6759
2.3221
5.1442
1.9904
2.6078
1.3441
6.6216
3.1685
0.6480
15.0101
1.9031
4.1409
2.9143
0.7814
1.9605
6.9436
0.6257
1.4526
4.6386
2.0473
1.3324
1.3370
2.1278
0.6617
1.9764
0.6550
0.7738
0.6842
1.3944
0.6772
3.6485
0.8445
1.4384
1.3342
0.8003
1.3617
3.4651
1.9714
3.9818
16.5582
3.3245
7.2726
0.6616
0.6060
2.6260
0.8097
1.3297
2.0301
3.2016
2.0062
0.6366
3.4344
0.7853
1.3210
0.8255
3.2981
0.6658
1.2793
4.0250
0.7180
0.6828
1.5328
0.6609
1.2983
1.9462
2.1202
9.1811
0.6452
3.5401
4.9620
0.9157
1.3629
1.5471
2.1660
0.8346
2.0565
1.3098
2.8304
0.6760
1.3261
1.2594
4.6487
0.6133
0.6588
3.4680
1.9876
4.2650
2.5726
2.1414
5.4968
0.6618
1.3395
0.7786
1.3488
3.3148
9.9322
1.9748
5.5324
0.6225
8.6566
4.7307
2.8347
0.6597
1.3466
4.3320
0.6746
5.9864
0.6759
1.3578
2.2489
0.6847
0.7988
0.6347
0.6639
3.2743
9.5868
5.0140
0.6401
3.4781
1.3348
4.0425
1.3465
3.9614
6.9304
2.7863
0.6428
0.9117
2.8005
0.7029
2.6480
2.1754
2.5476
0.6850
1.2893
1.9936
2.6669
1.3206
2.2657
3.2659
0.6632
6.2331
2.2724
0.6738
2.0350
2.0774
0.8295
1.5086
0.6525
0.6481
3.8699
2.9497
6.9634
3.3783
2.6593
3.7839
2.7956
0.6690
0.6404
4.6342
3.3054
1.3096
4.7513
2.8005
2.0077
2.0991
1.3809
0.6474
0.6546
0.6388
0.6382
3.3718
2.1547
1.3217
1.9716
1.9350
4.1389
0.6441
1.3241
3.5496
2.1493
0.6489
1.9588
0.8399
2.0485
7.1474
1.9903
1.2947
0.6555
0.6497
3.9115
0.6625
2.1079
1.3331
1.9893
0.8829
2.9109
1.4814
3.3829
1.9514
3.9508
6.1240
0.6797
4.1725
0.7070
0.6801
4.1647
2.7346
4.5282
1.3859
2.7965
1.4636
3.5069
1.4466
4.8078
2.6699
2.8167
1.4631
1.9681
1.9598
2.2052
2.8168
1.3284
7.0100
3.3378
1.9716
3.3571
0.7907
0.8621
1.3521
1.5169
0.6707
2.1839
1.2857
3.3659
2.8289
5.4832
1.2899
2.6446
2.0079
0.6347
3.3936
0.6629
0.7035
3.9858
0.8223
3.7514
1.9794
0.6678
1.3545
0.8327
2.6748
1.9556
0.6466
4.0853
0.6320
0.6703
1.9736
1.3087
2.6469
3.4705
7.7189
0.6750
0.3418
3.6201
1.3874
2.8095
3.6735
0.6625
0.8330
1.4986
5.5536
5.0768
3.2654
0.6525
4.1375
2.7753
0.6699
3.4958
1.4459
0.6291
2.1574
4.5754
0.6875
4.0140
1.4755
0.6572
12.1192
0.6407
1.2937
1.3430
0.6592
2.7068
3.3269
2.6898
2.1327
0.6353
1.3057
0.6602
2.2031
1.4194
2.1245
0.6993
1.3479
1.3906
1.9990
5.3471
2.2789
3.9231
2.0873
5.4627
2.7695
2.0032
2.1777
4.0963
5.2531
2.9767
0.6387
2.0544
9.5025
0.6498
2.8061
2.7741
2.1347
2.6500
2.8628
2.8808
0.6778
2.0935
2.8091
1.9771
2.0168
0.6578
7.7338
2.1670
0.6584
0.6396
1.3735
3.3052
0.6631
4.0502
1.3411
0.6550
0.6155
4.1055
4.1064
0.6801
0.6846
2.8273
3.4532
1.3003
4.1286
1.2991
0.6507
6.1096
1.3081
0.6654
2.0429
2.0315
6.4382
0.6697
2.0378
3.7513
2.1919
6.8319
1.9606
4.3305
0.6548
1.3263
0.7086
0.6767
1.4883
2.7386
0.6398
0.7097
7.3075
0.6453
1.3089
2.6322
4.3254
3.2879
1.3692
1.3343
0.6777
0.7615
0.6750
4.0740
1.2931
4.9730
2.9236
2.4555
0.6815
0.6373
0.6410
0.6697
0.7091
5.6206
2.1800
1.3329
2.0263
0.6674
2.7026
1.6449
2.6358
2.0793
5.2274
3.4121
0.8241
0.6272
1.3695
3.8086
0.6817
0.6441
2.4448
0.6526
5.4651
0.6597
0.6508
1.3385
0.6302
1.3041
5.8958
1.8879
1.9420
4.6064
0.6908
0.8430
0.6885
5.2742
0.6696
1.4769
0.6778
3.5121
0.6259
1.3279
1.2997
1.9697
1.4695
0.6912
1.3088
0.6343
1.3073
3.6210
0.6364
0.6543
1.2708
3.4661
2.5515
0.6466
2.4022
1.2649
6.3093
0.6851
2.0899
2.1982
1.3315
0.8170
1.3342
3.4791
0.6506
1.9570
1.9779
0.6354
4.0875
2.6048
4.8764
0.6918
6.2444
0.8743
3.1380
0.6545
0.6885
0.6966
0.6591
0.6439
1.2765
0.6337
1.2846
2.1974
3.2721
2.0777
1.5069
3.9222
0.8345
0.6848
10.2227
0.6772
0.6638
0.6334
1.4954
5.4288
0.6351
0.6943
3.5920
5.3330
2.1789
1.2995
2.1753
1.9532
0.6837
1.3020
1.3715
1.5028
2.6382
0.7745
2.6576
0.6307
1.3401
2.6596
0.6979
5.5520
2.0023
2.2546
0.6536
1.2882
1.9538
2.7483
0.6424
0.7718
1.3209
2.1478
2.8688
0.6707
1.4955
4.2969
6.8636
6.9077
5.1198
1.4333
1.2949
0.6492
1.2945
1.9738
1.3042
1.3917
1.2705
0.6833
1.3114
2.0460
1.3373
1.2724
1.2748
1.3154
0.7004
1.9786
1.2957
0.6600
0.6715
0.6453
3.3523
2.6711
0.6244
1.4472
0.6488
5.8318
2.2846
0.6567
1.3034
4.0785
0.6955
0.6496
0.6684
2.7876
0.6331
0.6689
2.0022
1.3060
2.1306
4.8903
1.2841
0.6234
1.3275
3.9205
0.6523
0.6768
0.6547
1.4985
0.6990
0.6531
0.6760
0.8016
4.5986
1.9831
0.8208
0.6112
1.9938
5.7649
0.8289
1.4468
3.5805
1.2529
1.4603
0.6786
0.6754
1.2748
1.9697
2.2811
4.5685
0.7895
2.1250
4.6680
2.6099
3.3241
5.3522
1.3358
1.5254
0.6796
3.5389
1.9454
7.2698
3.5336
1.9110
0.6246
5.0451
0.8292
1.3536
2.2330
1.2810
0.6267
6.1578
4.0714
1.2490
0.6768
2.8515
5.3406
0.6770
0.6770
0.7891
2.9122
1.9354
2.7850
0.6567
1.2718
1.3122
2.0224
1.3074
0.6923
1.9730
1.2718
0.6323
3.4562
1.3616
0.6780
1.3296
3.2920
5.8341
0.6990
1.9675
0.6818
0.6448
2.6682
1.9699
0.6613
1.2621
0.6829
2.1368
1.2972
0.6293
4.8010
2.8106
0.6636
1.3182
2.1400
0.8942
2.7152
6.0819
1.3562
0.8636
0.6296
1.3331
0.6192
1.3378
2.5907
0.6612
1.3155
0.6548
0.6391
0.7164
3.4621
1.9995
2.7484
4.2388
2.1062
1.5296
0.6626
0.8717
0.6293
1.4691
0.6912
0.6231
4.1236
4.2468
2.0746
2.7993
0.6726
0.8088
3.3250
0.6783
0.8804
1.3291
1.2884
1.3230
2.0917
2.1137
1.9908
7.1790
3.2671
2.0300
1.4252
1.9934
3.9336
2.5773
0.7788
3.4598
0.6647
0.6472
0.6750
0.6540
0.6197
0.6393
1.9459
0.6261
2.0289
5.3394
2.1012
0.6405
2.8352
4.1024
0.6658
1.9455
0.8423
6.1468
1.3253
0.6716
0.3711
2.1715
4.8134
3.4967
0.6676
0.6300
0.7015
2.1674
1.5019
0.6474
3.6970
1.9500
1.4478
1.4266
3.4464
1.3321
6.5868
3.5223
0.6750
1.2858
0.6073
5.5638
0.6511
0.6617
0.6544
0.6568
0.6461
2.8736
1.2784
0.6482
4.6280
1.2947
0.6435
6.8320
0.6539
8.8758
2.8109
1.3325
0.8198
0.6660
1.3378
1.3619
0.6579
3.7296
0.6269
2.8061
1.4799
4.5968
1.3312
0.6677
3.0453
1.3529
0.6689
2.0360
0.6649
2.0031
7.9075
1.3486
0.6578
2.6552
0.6595
0.6608
0.8087
3.4640
1.2800
1.3290
1.3269
0.6591
4.7693
2.1759
4.6211
1.2836
1.9554
0.6899
4.9415
2.8413
0.6413
0.6383
1.9960
4.4033
1.3228
0.9926
1.2792
1.9729
0.8077
0.6877
0.6388
0.6678
0.6658
0.6221
3.9579
0.6561
0.6448
4.1466
0.6483
4.1181
3.3949
0.6583
3.8323
0.6547
3.3499
0.6643
2.1513
0.6695
3.5049
0.8432
0.6739
0.6919
3.4003
1.3059
1.3217
0.8000
0.6607
0.6617
4.9810
1.2840
3.5063
2.6219
0.6773
2.6452
0.6647
6.0058
1.9633
4.8166
1.3415
6.0250
0.6557
0.6778
1.9556
1.3052
0.6944
2.1148
1.2953
4.8203
0.8360
0.6554
2.7664
0.6369
0.6490
1.3290
0.8047
0.6346
5.3972
0.8137
1.9706
4.6191
0.6505
1.9716
2.0250
0.6524
0.7873
1.3706
0.6637
2.8315
2.0560
1.3805
2.6511
0.6713
4.0391
0.6674
1.9753
1.5081
1.3243
4.2316
3.4461
2.6528
1.3700
1.4433
0.6191
0.6464
0.6420
1.4247
1.3096
0.6512
0.6851
4.1401
0.6846
0.6762
0.6893
1.5343
8.6067
0.6585
1.3211
0.7055
2.7719
1.3254
0.6527
5.1907
5.5985
2.8617
2.6618
0.6610
3.4382
0.6791
4.2049
0.6629
0.6458
0.6974
0.6577
2.1974
0.6443
2.2175
2.1506
0.6921
1.9492
1.3788
0.8341
0.7936
2.5676
0.6843
0.6946
1.4172
2.7774
1.3244
2.6965
0.7023
2.7580
0.6845
1.9764
1.4761
6.0921
2.8167
2.0012
0.6654
1.3610
0.7093
0.6359
0.8563
0.6309
5.4697
1.2880
1.3297
1.3148
0.6747
1.3179
2.1322
0.6568
1.9628
4.8551
7.0274
0.6973
1.3170
0.6501
1.9567
1.4840
1.2965
2.2704
6.7855
1.3300
0.6719
1.3354
0.6675
0.6971
3.7021
1.3698
3.2698
0.6244
0.6582
1.3257
2.3175
3.4615
4.0896
1.4708
1.5268
0.6703
1.3114
2.7389
0.6484
0.6883
2.9257
5.3703
3.2943
0.6741
2.6107
0.6550
1.2768
0.6724
0.6421
1.4755
2.6245
1.9293
4.1074
1.9694
1.9175
1.3248
1.3712
2.0269
7.4075
0.6752
4.1855
1.2779
1.2841
1.9840
4.6369
2.6986
1.9315
1.9647
5.4208
9.6823
0.6656
0.6601
1.3501
0.6703
0.6443
0.6559
0.6332
0.6898
0.6958
0.6573
1.2495
0.6613
4.8933
3.5126
0.7749
1.3172
3.9255
2.1096
1.3073
2.7004
0.6356
0.6723
1.3054
0.7789
1.4597
0.6535
1.3354
0.6319
2.7945
1.9886
1.9822
6.2068
1.2970
0.6399
2.6619
0.6338
1.4688
1.2900
2.6073
1.9237
0.7113
1.9800
3.9440
2.8662
0.8192
0.6763
0.6604
1.3309
2.8999
1.2708
1.9448
1.3962
1.3487
1.9738
0.6503
1.3422
0.6415
0.6594
0.6338
1.3298
3.4474
1.9716
1.2973
3.2626
2.0926
0.7865
2.8002
2.6815
0.6803
0.6353
0.6174
0.6202
3.5174
0.7077
0.6347
1.2799
7.6845
1.3422
0.6695
2.1049
1.2870
0.6134
3.2205
2.1855
0.7909
2.1848
0.6609
2.1860
0.6566
6.5049
2.0074
0.6275
0.6851
3.8005
3.6768
0.6665
0.6602
3.4874
0.6355
5.2765
0.6367
2.8600
0.6829
0.6731
0.6640
2.1160
1.3134
2.1847
6.3653
1.9867
0.7070
1.5836
1.9539
1.3415
2.1335
6.9922
2.1190
0.6349
4.7215
1.4732
1.3213
0.6739
5.3695
0.6712
0.6625
2.3705
1.3408
2.1623
0.6529
0.6716
5.6223
1.4834
1.3474
1.4658
5.4868
0.6870
3.4105
1.3083
2.5850
1.3490
1.6325
2.1499
4.7482
1.5246
1.5027
0.6811
0.6551
0.6464
0.6454
0.6625
3.2872
1.3165
2.6379
1.3173
0.6476
2.1190
1.9680
0.7995
1.9150
0.6616
0.6953
0.6539
1.4634
0.6664
0.6888
6.6060
2.8035
3.6385
0.6215
1.3316
0.8471
1.9958
2.6443
1.4330
4.1119
1.2969
0.6308
1.4949
0.8188
1.9538
0.6299
1.9902
0.6448
1.3403
0.6671
0.6525
1.9435
0.6685
6.5087
3.2295
0.6687
0.6369
2.7453
0.6304
0.6793
0.6423
3.4854
2.5843
0.6495
0.6820
1.9863
2.1434
2.7615
0.6239
0.6565
0.6466
0.7222
1.6705
4.1581
2.0737
0.6725
1.3291
1.3218
2.5935
1.9810
1.2777
0.6468
1.3396
1.3544
1.3201
1.0788
0.8394
0.6701
3.2405
1.4369
1.3557
7.5825
2.1162
1.5223
1.2705
1.4374
0.6519
7.5156
0.6720
3.2872
1.2676
1.4550
1.2759
5.4019
0.6470
0.8324
0.6916
4.8238
0.6731
1.5461
1.3629
2.1755
0.6692
0.6255
2.0181
2.6999
1.4803
1.3177
0.6209
1.3328
1.4717
3.9915
0.6785
0.8166
1.2948
3.3148
4.7422
0.6895
0.6540
2.0123
3.5547
1.9969
4.0274
2.6507
1.3412
1.5016
0.6684
0.8164
0.6852
1.7185
1.4927
0.8715
0.8570
5.6958
1.4511
0.6779
2.2614
0.6515
0.8070
4.4099
0.6362
2.1693
1.5007
4.5049
1.4132
5.4965
2.7181
6.1272
0.6495
0.6729
3.2903
2.2998
6.2107
2.6634
0.6596
4.0701
0.6721
1.2933
0.6488
1.3399
1.3715
2.8899
1.2981
0.6492
1.3496
0.7039
3.4408
0.6583
0.6042
0.6880
2.0306
0.8405
1.3533
4.3697
1.3598
0.6667
3.3074
1.4912
1.3454
4.1815
0.8184
0.6940
1.2640
0.6193
1.2503
2.6347
0.6662
3.4213
0.6484
0.6592
4.1324
0.8701
1.3264
4.1118
2.1659
1.4474
1.3662
0.6987
2.7548
3.2624
2.0157
0.7295
0.6576
2.5879
0.6636
0.6660
2.8359
7.4276
1.3644
0.6336
2.8853
3.2132
4.6991
0.6353
2.6068
3.2741
1.9208
2.8329
2.0344
4.9701
0.6358
0.6750
4.2396
0.6476
4.1693
0.6626
0.6487
2.8141
0.8012
1.3420
3.6038
1.3427
2.9697
0.8210
0.6513
2.0115
0.6499
0.6575
3.2302
0.8111
2.9277
1.3824
0.6566
1.6743
1.3922
4.0380
0.6736
0.6881
3.7612
6.0459
1.9825
0.6857
0.6807
0.6184
0.6664
0.7919
2.1667
3.4909
4.1423
0.6862
1.4873
2.6361
0.6495
0.6628
0.6442
3.1969
0.6682
2.7528
2.0064
2.7628
0.6773
1.2941
4.1313
1.2911
0.6559
1.4915
1.3110
0.6615
0.6354
0.6624
1.9719
0.6403
0.6491
0.6770
1.3334
0.8270
0.6640
0.6606
1.4399
1.3475
5.2572
1.4831
0.6885
1.3323
0.8387
0.6816
2.6074
1.9343
0.6819
1.5569
1.3492
3.3244
3.7714
0.6776
0.6918
6.1672
3.5881
1.3185
1.3176
4.5913
0.6448
0.7989
1.3172
1.2539
0.6706
4.2468
1.3128
0.6497
2.6446
5.1087
0.6423
2.6302
0.6522
0.6696
1.2875
0.8018
0.8691
3.5091
2.8089
0.6413
1.4536
5.0045
3.4724
1.9686
2.6080
0.6942
6.2939
0.6491
0.8141
0.6514
2.1801
3.2418
1.2800
2.0702
3.5482
2.1076
0.6215
0.6886
0.6820
0.8111
0.6580
2.0163
0.6390
5.4726
1.3362
1.4783
1.3492
0.7940
3.4760
0.6730
1.3434
1.6616
2.0160
1.3317
0.6397
2.3314
2.8881
0.6470
2.8121
1.9416
0.7003
4.2134
6.0492
3.6207
0.6761
0.6335
1.9568
0.6494
1.3437
0.6640
7.0741
2.1149
1.3543
2.6224
1.2849
2.1409
1.3033
2.7920
1.9532
0.6442
3.6778
9.6087
0.6798
1.3061
11.2554
1.3289
1.3378
1.3263
3.9417
1.9901
0.6340
2.0501
0.6908
3.2050
0.6559
1.3182
3.1768
4.3923
0.6417
2.2185
5.6435
0.6891
3.8899
0.6605
2.6434
0.6576
1.3534
5.4757
0.6290
0.6422
3.4088
6.2150
1.3398
0.6616
1.2966
1.4287
3.3388
3.7631
1.9670
1.3467
0.6538
2.6017
1.5476
0.6151
2.7844
0.6342
1.5063
0.6368
2.0005
0.6899
2.1316
2.1535
2.2887
4.6650
0.6536
2.6414
0.6501
1.3915
0.6870
1.4828
1.3472
3.2338
1.3250
1.3137
0.6546
0.6636
2.1614
2.0214
3.4214
3.2575
1.9240
1.2710
0.6501
0.6473
0.6154
1.7124
1.3263
0.6660
2.5583
3.7079
0.8373
2.0154
1.3230
1.3219
0.6725
0.6720
2.4439
2.0769
1.3002
4.7957
1.9419
0.6361
2.1797
2.2033
4.7827
5.8339
1.3188
0.6761
1.3110
0.6374
5.9546
1.4666
1.3138
0.8642
1.3355
0.6665
0.6939
0.6540
1.3498
0.6752
2.7385
2.0149
0.6852
2.2600
2.9371
1.5028
0.6493
1.3125
1.4915
5.8301
1.3462
1.2859
2.7951
1.3199
0.6356
3.3276
9.5749
0.6870
0.8128
0.7789
2.7834
9.3675
0.7345
2.6444
1.3094
2.1631
0.6629
3.2600
0.6502
0.6830
0.6308
0.6469
6.3022
2.8262
1.2995
0.6757
0.6361
0.6837
3.3253
2.7831
1.3387
0.7909
0.6383
1.4581
0.6432
1.2873
1.6563
2.0084
3.3756
3.5763
2.8610
1.2979
0.6519
2.8505
2.0815
0.8194
2.0014
0.6652
0.6691
1.2816
0.6982
0.6658
2.7414
0.6428
2.6695
1.9614
2.2311
3.4962
2.2100
0.6553
1.2888
2.6626
6.3884
1.3100
0.6308
0.6603
2.6180
3.4513
0.6720
7.2056
1.9491
2.1362
1.4473
1.3149
2.2926
0.6520
6.7297
1.9657
1.3896
1.3063
2.6943
4.0606
2.1905
0.6609
1.9645
0.6456
0.6968
1.3280
2.1108
1.3321
1.3155
5.3204
0.6883
0.8028
0.6623
1.2811
2.9458
1.3250
0.6624
2.6484
0.6519
2.1497
0.8171
0.6487
0.6384
2.3056
4.2756
2.6527
2.7482
4.8947
0.8012
2.2279
4.0802
0.6402
2.5380
0.6806
1.3371
2.1858
0.6514
0.8208
1.9341
0.6502
3.3083
0.6630
6.3099
2.2055
4.6565
5.0633
2.6414
0.6748
0.6265
2.3004
2.6159
0.7105
0.6634
0.6827
1.3363
1.2904
0.6474
0.6730
1.4684
2.1635
0.8505
1.3241
1.4417
2.9474
2.1399
2.5557
3.5044
1.3510
1.4629
0.6124
0.7830
0.6956
1.9204
0.8558
3.4259
1.2684
3.9311
1.3078
1.5016
1.3254
1.2558
2.5948
2.8276
0.7035
0.6877
0.6531
0.7908
2.7809
0.6462
0.6490
0.6453
1.6964
4.1482
1.3263
0.6668
0.6783
2.2835
1.3724
2.7590
0.6505
1.4219
0.6628
0.6544
0.6810
4.2130
1.3066
1.3084
2.7347
1.2629
0.6521
1.3016
1.4849
0.8104
4.9633
2.7157
0.6734
0.6527
1.4166
2.7971
3.9852
0.6400
4.7213
0.6626
0.6916
0.6608
0.6736
0.6523
1.2934
5.3135
2.0475
3.5416
2.5577
3.5717
1.3640
1.2690
5.2786
1.9715
1.9746
1.3140
0.6805
0.6382
0.6271
3.3180
0.6690
1.9310
1.3086
0.6305
2.1138
0.6898
2.6232
0.6360
0.6494
0.7945
0.6666
1.4113
0.6850
0.6454
0.6546
0.6328
0.6661
0.6523
0.6280
4.7482
1.9393
0.6612
0.6796
1.4790
0.8112
1.5047
4.2670
3.2299
0.8143
0.6993
1.6531
3.5102
0.6820
0.6835
0.7076
1.8168
0.6718
2.7424
4.2513
4.4759
6.2632
1.3493
3.9005
0.6770
2.3037
2.0253
1.3395
1.4832
0.6310
3.6641
1.3163
0.8079
3.1177
0.7709
0.6592
1.3593
4.5910
2.7610
1.2958
0.6571
2.9268
0.6407
2.6020
0.6978
1.9388
1.2972
2.0406
1.3423
6.6391
0.6239
0.6867
0.6620
1.9825
0.7865
2.6504
0.6519
1.2884
0.8618
5.4270
0.8122
0.6588
3.4245
1.9299
2.7801
6.8114
0.6594
2.3196
2.0680
0.6756
0.8115
0.6749
0.6783
8.5134
0.8655
1.3340
2.6856
0.6440
1.3111
0.6737
1.2682
1.4624
4.2168
2.6114
4.5977
0.6308
7.6766
1.3719
0.6631
1.2883
0.8630
4.0821
0.6818
0.6754
0.6378
3.2982
4.5753
2.0010
1.8714
1.6434
0.6404
2.8348
0.6649
4.0140
0.6434
1.3082
1.2868
1.3448
1.3169
1.2513
1.4226
0.8520
1.9711
1.9535
1.2839
1.4373
1.2586
0.6756
0.6649
1.2927
1.3389
0.8475
1.0630
1.5248
2.6101
6.5285
1.3141
0.6232
1.5000
1.2781
0.8388
1.4299
0.6415
3.1172
4.9815
0.6780
0.9024
1.9990
2.6939
2.0647
2.0860
1.3151
0.6283
1.2939
0.6312
1.3194
0.6546
2.0567
4.9055
0.6168
1.5514
5.0068
2.7931
0.6612
1.3846
1.3963
0.6328
2.0087
1.2524
1.9341
0.6451
0.8229
0.8099
0.6408
1.3726
2.3077
0.6301
2.0382
0.6959
0.6299
1.4393
7.3993
0.6176
3.2994
0.8271
1.2982
0.6758
0.6258
1.9664
1.9803
0.6830
0.6281
0.6333
1.4449
1.3251
2.6536
0.6510
0.6539
0.7785
5.2826
3.8563
4.9734
2.0344
2.9247
1.2684
0.6281
1.6875
0.6617
2.3272
0.6343
1.9140
0.9081
0.7079
3.9970
1.3238
0.6423
1.3640
7.4877
1.3171
2.1195
0.8424
4.1468
1.3339
2.8691
0.7874
0.8304
0.6544
0.6669
1.3039
1.3325
4.8191
2.4361
0.6546
2.9888
0.6955
1.9877
1.4475
0.6479
1.2791
0.6301
0.6711
4.5685
1.5226
2.0324
0.6402
1.3155
0.6683
1.4222
0.6377
1.5464
4.5858
1.3168
0.6749
1.9593
0.6395
0.6644
1.5117
2.1464
0.6446
2.6360
2.1599
0.6753
0.6675
0.7015
3.3707
3.4417
1.3235
3.2868
2.8050
0.6332
0.7160
1.3298
1.9557
6.5304
1.5527
0.8821
2.0390
1.3676
0.6547
1.4594
3.5384
1.4674
1.9904
0.6719
0.6679
2.0393
0.6571
2.8248
4.3744
1.3189
0.7015
0.6581
1.4914
0.8257
1.9936
0.6752
1.2422
3.3780
0.6628
1.3603
2.0505
1.2845
2.0816
2.2340
0.6485
0.6409
0.6488
0.6426
3.9234
0.6236
4.7336
0.7995
4.8212
0.7981
0.6316
0.7871
2.1080
0.6294
1.2748
3.3178
3.4918
1.3527
1.3304
1.2801
0.6177
1.9705
0.6748
3.9375
2.6881
1.3186
1.9535
1.2645
2.5746
2.0333
0.6835
4.0370
1.3135
1.3350
1.3609
1.4933
1.9503
1.3630
2.0224
2.9920
1.2898
1.4628
4.2983
1.3358
1.2749
2.1812
0.6229
2.0722
1.2921
1.4686
0.8189
1.9788
0.8208
0.6186
1.2710
0.6353
3.3167
1.2968
0.8137
1.9864
0.6285
6.3430
0.6646
0.6914
0.6850
1.3066
0.6788
0.6689
2.9051
1.2983
1.3428
1.9570
1.3610
4.5798
2.1320
0.6486
2.7816
0.6628
3.2927
0.6602
0.6401
3.6446
8.1681
3.5698
0.9060
0.8181
0.7691
5.1504
0.8295
0.6457
0.6971
1.3253
0.6568
3.0312
2.1567
1.3169
0.6675
1.7229
0.6352
4.7889
0.6642
1.4357
0.8290
1.9415
3.8487
2.1632
2.9176
0.6673
1.2929
1.9983
0.6854
2.2230
0.6684
4.1829
5.9527
0.6770
1.2795
0.6214
1.3032
0.6219
1.2943
1.3330
0.8308
0.6221
1.9633
1.3048
1.9143
0.6659
0.6318
4.7264
1.9849
0.6420
0.8043
0.6527
4.6414
4.1405
1.9873
2.2827
1.9552
0.6904
2.8115
0.6777
0.6723
2.0806
1.9430
2.1363
2.6427
0.6210
1.9153
3.6014
0.6526
1.9609
0.6602
0.6611
0.6244
0.6292
0.6235
1.3098
1.4608
0.6662
0.6683
0.8292
2.3310
1.2602
0.6423
0.6501
1.9830
1.4210
0.6308
7.8886
4.9203
0.6756
0.6466
0.6732
0.6544
3.4659
3.8399
3.9768
0.6439
0.6596
1.3405
3.1397
1.9688
1.3960
0.6701
2.1291
0.6755
3.4386
0.6173
0.6406
3.3513
0.7864
4.7771
0.6445
1.8840
0.6779
5.4093
2.7373
2.1432
4.1128
7.4210
0.8331
2.0445
2.9120
0.6724
0.7672
2.1174
1.2871
1.2424
1.2738
0.8689
0.6241
0.6759
1.9585
0.6576
1.5224
4.4259
1.3251
1.9937
3.8638
3.7785
2.9061
0.6509
0.6289
7.2142
1.9613
1.3943
1.9178
1.9534
0.8653
2.6294
3.2226
5.2763
0.6249
1.2587
1.4398
0.6522
0.6734
4.6528
2.0846
2.6879
0.6675
1.2438
0.6444
2.5382
1.5421
0.6617
1.3362
1.4346
1.2694
3.1345
0.6676
0.6558
0.6702
2.1165
0.6994
2.1455
0.6998
5.7959
0.8462
1.9721
0.7123
1.4353
0.6722
2.4218
2.3233
0.6238
0.6832
3.7409
2.6773
1.2606
0.6661
2.6090
0.6743
2.5921
0.6460
2.1493
0.6358
0.6383
0.7162
1.9606
0.6213
0.6458
1.3451
1.3858
0.6447
3.7646
1.4184
4.1073
0.8213
1.9667
0.6892
0.6254
0.8288
1.3178
2.0493
1.9671
2.5647
0.6837
0.8001
1.3783
0.6710
0.6740
2.6839
0.6676
2.9406
2.6043
3.3309
2.5540
1.6572
0.6780
1.3622
6.0060
5.8183
1.3236
0.7915
1.9141
2.1187
3.3940
0.6429
1.3317
1.3959
2.8605
0.6297
4.2764
0.6679
2.1387
0.8330
1.9588
0.6265
1.3026
2.0942
0.6877
0.6506
0.6481
0.6146
1.3885
1.3280
1.6713
1.9315
1.3553
5.4762
0.6389
0.6885
2.1266
0.6956
0.6215
0.6338
8.0754
1.2638
1.3149
0.6292
0.6785
1.4965
1.5527
3.2939
0.6393
1.4488
0.6598
0.7199
0.6733
2.0414
1.2733
1.2746
0.6561
4.6505
0.6494
0.6947
0.6721
1.3253
0.7968
1.2931
0.8188
1.3178
0.6340
0.6626
0.6791
1.2764
0.6179
2.5735
1.2675
1.3519
2.3528
0.6306
4.1168
0.6639
4.1112
0.9643
0.6244
0.6162
0.6294
2.7449
2.5639
4.2638
0.7745
2.1300
2.7361
0.6310
2.8156
0.6606
0.7729
1.3380
2.9514
5.1088
0.7842
1.3365
4.0743
0.6842
1.3448
0.6475
1.3202
3.1882
4.1847
1.9850
0.7008
1.4642
5.3809
0.6664
2.3858
1.6089
0.6202
0.6343
0.7916
1.9620
0.8297
0.6371
0.6348
1.4722
0.6716
2.2187
1.8879
1.3299
0.6439
0.8563
3.8879
3.9254
1.2931
0.6828
0.6202
0.6985
1.2620
0.6479
1.2886
8.4504
1.3387
1.9880
2.7653
1.9813
1.3188
5.5009
1.6731
0.8403
0.6592
1.5083
0.6377
3.2731
3.5677
0.6423
2.2649
2.6313
0.6837
0.6524
1.3667
1.2925
0.6438
2.2275
1.3368
1.3120
10.2905
0.6534
2.8999
3.4685
1.2831
1.9888
1.2984
0.7982
0.6273
1.3133
4.0110
1.5351
0.6639
0.6833
4.5645
2.5499
0.7247
3.6695
0.6261
1.8317
1.3033
2.7653
0.6514
6.8654
0.6506
1.4141
1.2982
0.6457
0.6539
2.5773
2.3288
2.0077
0.6445
1.3533
1.5638
0.6225
3.9507
0.6611
0.8764
0.6235
4.0736
1.3110
3.9094
1.2734
1.9566
1.3655
2.5982
1.4651
0.6532
2.5990
1.2850
0.6442
1.3227
0.6353
3.2268
1.9018
0.6503
1.2787
0.6039
0.8301
0.8439
3.4655
0.6676
3.3853
0.6310
0.7102
0.6419
2.7074
2.9679
1.4993
1.9860
2.7391
1.2530
1.2977
2.1177
2.6428
2.0529
0.8298
0.6831
2.0528
1.4807
4.7572
1.2951
1.5130
8.5901
3.0665
2.6983
0.6449
0.6369
1.2961
1.3244
2.9913
2.3056
2.0993
0.8060
0.6054
1.2745
1.9749
0.6261
0.7025
0.6321
2.8805
1.4686
2.2579
0.6460
1.3374
1.8832
0.6765
0.7756
3.9659
1.9245
0.8601
0.6156
4.6094
1.2714
1.6002
1.8799
0.8045
0.6986
1.9995
2.6288
2.0572
1.3256
0.6630
1.3039
2.9744
0.7840
1.3157
1.9124
0.6432
0.7169
0.6696
4.9517
0.6370
3.4871
0.6780
0.8233
0.8254
0.7616
2.5718
2.6068
2.3349
0.6765
0.6305
1.4910
1.2684
1.2583
0.7611
1.9533
2.2621
0.6775
1.3321
0.6750
1.9680
1.5618
0.6125
0.6711
0.6407
1.2941
1.3027
3.1712
0.8514
2.5754
2.0736
2.0815
1.8679
1.2709
2.2735
1.9791
0.7065
1.3181
0.6800
0.6738
3.2306
2.6925
0.7786
0.9581
1.2888
0.7751
1.3062
4.0072
1.4418
0.7123
0.6944
3.6955
3.0042
1.9583
2.7664
1.8939
1.2629
2.4218
2.6939
3.5664
2.6348
2.7838
0.6342
1.2403
1.3227
2.8506
0.6905
0.6882
0.8587
1.5134
1.2970
1.3295
2.2300
0.8308
0.6406
1.9642
0.7592
0.6436
0.6303
1.2700
4.5254
0.6331
1.3786
0.6246
2.1095
0.6590
0.8220
1.9166
1.3767
0.6106
3.4774
0.6656
4.9978
1.8868
0.6177
0.6608
0.6526
1.3056
1.4534
1.2907
2.7408
1.6392
2.7010
2.6297
1.3512
0.6497
1.2766
0.6215
0.9089
0.6319
4.1174
1.2971
1.2869
1.3227
2.1778
0.6239
0.6286
1.3730
0.6255
1.2539
2.5689
1.2930
0.6165
0.6386
1.9409
4.0331
1.9148
3.2936
1.2977
1.3433
3.0882
0.6503
5.8972
2.6400
1.2757
0.7820
0.7831
1.1723
0.7864
1.0362
0.7872
1.8392
1.8996
1.5791
3.1571
4.9507
1.3096
0.6228
0.6381
0.8294
0.6198
0.6508
0.7001
1.4173
2.7062
1.3011
0.6132
0.6162
2.7605
0.6386
4.6002
2.0019
0.7001
2.0191
1.4660
0.8240
1.9650
1.3167
2.6279
1.4360
1.2679
0.6623
2.6016
0.8182
2.0059
0.7970
0.6272
1.4193
2.6289
0.6740
0.6809
0.6738
1.4054
1.4140
0.6185
1.9275
2.7114
7.7427
1.5581
0.6148
6.9967
0.7790
1.2581
0.6263
0.6244
0.6586
5.2899
2.1127
0.6774
0.6336
1.9434
0.6597
3.1794
0.6783
1.2829
0.6747
1.2364
2.1311
0.6531
1.9551
1.2779
0.6622
1.2706
0.8460
0.6629
0.7129
0.6386
1.3492
1.3647
2.2160
0.6533
2.6734
4.0741
0.6875
0.6657
2.1252
0.6342
0.6718
2.7222
0.6340
1.5104
0.6247
0.6662
3.3104
1.3854
0.6097
0.6748
0.6915
2.9133
1.9677
0.6744
0.6083
1.4517
8.3691
1.4594
1.9759
2.1653
1.3398
0.6554
1.6129
0.6438
1.3234
0.6575
1.7256
0.8167
4.0856
1.3057
1.3641
0.7878
0.6226
0.7085
4.1017
2.1566
0.6569
1.3171
1.3467
2.4241
0.6402
1.4846
1.5609
0.6326
0.6715
0.6487
0.6453
0.6260
0.6719
1.6941
0.6835
0.6609
1.9371
0.8325
1.2904
1.2989
0.6596
0.6565
1.3035
1.9558
0.6710
1.3323
0.7080
1.2610
0.6490
0.6565
0.6786
1.2805
0.7092
3.9321
0.6599
1.3161
0.6522
0.6547
1.6491
0.6347
1.2761
0.6731
1.5532
1.3242
2.2069
1.3404
0.6660
1.4994
0.9067
0.6440
0.6133
1.2907
1.9274
2.5845
0.6401
1.5112
1.3662
0.6963
0.6271
1.5126
0.6702
1.3379
0.6637
1.2931
1.3008
0.6204
1.3139
2.6259
2.0988
0.6457
0.6446
0.8193
2.2589
1.3028
1.3020
2.6388
1.3004
0.8202
4.5129
1.4727
0.6487
0.6240
0.6709
1.4699
5.0789
1.4700
1.4471
0.7885
1.4047
0.7890
1.3261
2.8331
0.6626
1.2875
1.2768
0.6600
2.6229
0.6338
2.5767
2.6026
0.8283
2.0620
0.6172
2.2194
1.2638
0.6668
1.2693
2.7800
1.5159
0.6646
0.6282
0.6260
0.6892
0.6826
0.6263
0.6979
2.1483
0.7780
0.6925
4.0354
0.6988
1.5295
1.3242
1.9329
1.9500
0.6600
2.6120
2.9566
3.2711
2.2268
0.6394
0.6585
2.6154
1.4714
1.5235
1.2970
2.0651
0.6332
0.6437
3.4935
0.6730
1.2995
1.4879
0.6437
0.6800
0.6137
1.9419
0.6570
0.6639
3.4632
0.6155
0.6437
1.2867
0.6651
1.3304
3.1002
1.9138
1.4428
0.6098
2.3803
7.2573
1.2574
3.9268
2.7640
0.6632
0.6680
0.8652
2.7363
4.6931
2.1575
0.7796
1.1282
1.1684
0.6342
3.4362
3.2167
0.6707
1.4171
3.3228
0.6935
1.9757
0.8452
0.7717
2.1636
0.6787
1.4729
1.2706
0.6652
0.6520
4.8486
1.2578
3.6072
1.6481
2.8899
2.1796
0.6456
0.6841
1.9006
0.8539
1.4730
0.7739
2.5065
1.4307
0.6436
0.6409
2.0851
0.6596
1.3354
0.6705
0.7003
1.9654
0.6678
4.7741
1.2478
0.6627
1.4357
0.8308
